# n ra dec fovra fovdec 
0 3.19253 -20.0 3.0 3.0  
1 6.38507 -20.0 3.0 3.0  
2 9.5776 -20.0 3.0 3.0  
3 12.77013 -20.0 3.0 3.0  
4 15.96267 -20.0 3.0 3.0  
5 19.1552 -20.0 3.0 3.0  
6 22.34773 -20.0 3.0 3.0  
7 25.54027 -20.0 3.0 3.0  
8 28.7328 -20.0 3.0 3.0  
9 31.92533 -20.0 3.0 3.0  
10 35.11787 -20.0 3.0 3.0  
11 38.3104 -20.0 3.0 3.0  
12 41.50293 -20.0 3.0 3.0  
13 44.69547 -20.0 3.0 3.0  
14 47.888 -20.0 3.0 3.0  
15 51.08053 -20.0 3.0 3.0  
16 54.27307 -20.0 3.0 3.0  
17 57.4656 -20.0 3.0 3.0  
18 60.65813 -20.0 3.0 3.0  
19 63.85067 -20.0 3.0 3.0  
20 67.0432 -20.0 3.0 3.0  
21 70.23573 -20.0 3.0 3.0  
22 73.42827 -20.0 3.0 3.0  
23 76.6208 -20.0 3.0 3.0  
24 79.81333 -20.0 3.0 3.0  
25 83.00587 -20.0 3.0 3.0  
26 86.1984 -20.0 3.0 3.0  
27 89.39093 -20.0 3.0 3.0  
28 92.58347 -20.0 3.0 3.0  
29 95.776 -20.0 3.0 3.0  
30 98.96853 -20.0 3.0 3.0  
31 102.16107 -20.0 3.0 3.0  
32 105.3536 -20.0 3.0 3.0  
33 108.54613 -20.0 3.0 3.0  
34 111.73867 -20.0 3.0 3.0  
35 114.9312 -20.0 3.0 3.0  
36 118.12373 -20.0 3.0 3.0  
37 121.31627 -20.0 3.0 3.0  
38 124.5088 -20.0 3.0 3.0  
39 127.70133 -20.0 3.0 3.0  
40 130.89387 -20.0 3.0 3.0  
41 134.0864 -20.0 3.0 3.0  
42 137.27893 -20.0 3.0 3.0  
43 140.47147 -20.0 3.0 3.0  
44 143.664 -20.0 3.0 3.0  
45 146.85653 -20.0 3.0 3.0  
46 150.04907 -20.0 3.0 3.0  
47 153.2416 -20.0 3.0 3.0  
48 156.43413 -20.0 3.0 3.0  
49 159.62667 -20.0 3.0 3.0  
50 162.8192 -20.0 3.0 3.0  
51 166.01173 -20.0 3.0 3.0  
52 169.20427 -20.0 3.0 3.0  
53 172.3968 -20.0 3.0 3.0  
54 175.58933 -20.0 3.0 3.0  
55 178.78187 -20.0 3.0 3.0  
56 181.9744 -20.0 3.0 3.0  
57 185.16693 -20.0 3.0 3.0  
58 188.35947 -20.0 3.0 3.0  
59 191.552 -20.0 3.0 3.0  
60 194.74453 -20.0 3.0 3.0  
61 197.93707 -20.0 3.0 3.0  
62 201.1296 -20.0 3.0 3.0  
63 204.32213 -20.0 3.0 3.0  
64 207.51467 -20.0 3.0 3.0  
65 210.7072 -20.0 3.0 3.0  
66 213.89973 -20.0 3.0 3.0  
67 217.09227 -20.0 3.0 3.0  
68 220.2848 -20.0 3.0 3.0  
69 223.47733 -20.0 3.0 3.0  
70 226.66987 -20.0 3.0 3.0  
71 229.8624 -20.0 3.0 3.0  
72 233.05493 -20.0 3.0 3.0  
73 236.24747 -20.0 3.0 3.0  
74 239.44 -20.0 3.0 3.0  
75 242.63253 -20.0 3.0 3.0  
76 245.82507 -20.0 3.0 3.0  
77 249.0176 -20.0 3.0 3.0  
78 252.21013 -20.0 3.0 3.0  
79 255.40267 -20.0 3.0 3.0  
80 258.5952 -20.0 3.0 3.0  
81 261.78773 -20.0 3.0 3.0  
82 264.98027 -20.0 3.0 3.0  
83 268.1728 -20.0 3.0 3.0  
84 271.36533 -20.0 3.0 3.0  
85 274.55787 -20.0 3.0 3.0  
86 277.7504 -20.0 3.0 3.0  
87 280.94293 -20.0 3.0 3.0  
88 284.13547 -20.0 3.0 3.0  
89 287.328 -20.0 3.0 3.0  
90 290.52053 -20.0 3.0 3.0  
91 293.71307 -20.0 3.0 3.0  
92 296.9056 -20.0 3.0 3.0  
93 300.09813 -20.0 3.0 3.0  
94 303.29067 -20.0 3.0 3.0  
95 306.4832 -20.0 3.0 3.0  
96 309.67573 -20.0 3.0 3.0  
97 312.86827 -20.0 3.0 3.0  
98 316.0608 -20.0 3.0 3.0  
99 319.25333 -20.0 3.0 3.0  
100 322.44587 -20.0 3.0 3.0  
101 325.6384 -20.0 3.0 3.0  
102 328.83093 -20.0 3.0 3.0  
103 332.02347 -20.0 3.0 3.0  
104 335.216 -20.0 3.0 3.0  
105 338.40853 -20.0 3.0 3.0  
106 341.60106 -20.0 3.0 3.0  
107 344.7936 -20.0 3.0 3.0  
108 347.98613 -20.0 3.0 3.0  
109 351.17866 -20.0 3.0 3.0  
110 354.3712 -20.0 3.0 3.0  
111 357.56373 -20.0 3.0 3.0  
112 3.13708 -17.0 3.0 3.0  
113 6.27415 -17.0 3.0 3.0  
114 9.41123 -17.0 3.0 3.0  
115 12.5483 -17.0 3.0 3.0  
116 15.68538 -17.0 3.0 3.0  
117 18.82245 -17.0 3.0 3.0  
118 21.95953 -17.0 3.0 3.0  
119 25.0966 -17.0 3.0 3.0  
120 28.23368 -17.0 3.0 3.0  
121 31.37075 -17.0 3.0 3.0  
122 34.50783 -17.0 3.0 3.0  
123 37.6449 -17.0 3.0 3.0  
124 40.78198 -17.0 3.0 3.0  
125 43.91905 -17.0 3.0 3.0  
126 47.05613 -17.0 3.0 3.0  
127 50.1932 -17.0 3.0 3.0  
128 53.33028 -17.0 3.0 3.0  
129 56.46735 -17.0 3.0 3.0  
130 59.60443 -17.0 3.0 3.0  
131 62.74151 -17.0 3.0 3.0  
132 65.87858 -17.0 3.0 3.0  
133 69.01566 -17.0 3.0 3.0  
134 72.15273 -17.0 3.0 3.0  
135 75.28981 -17.0 3.0 3.0  
136 78.42688 -17.0 3.0 3.0  
137 81.56396 -17.0 3.0 3.0  
138 84.70103 -17.0 3.0 3.0  
139 87.83811 -17.0 3.0 3.0  
140 90.97518 -17.0 3.0 3.0  
141 94.11226 -17.0 3.0 3.0  
142 97.24933 -17.0 3.0 3.0  
143 100.38641 -17.0 3.0 3.0  
144 103.52348 -17.0 3.0 3.0  
145 106.66056 -17.0 3.0 3.0  
146 109.79763 -17.0 3.0 3.0  
147 112.93471 -17.0 3.0 3.0  
148 116.07178 -17.0 3.0 3.0  
149 119.20886 -17.0 3.0 3.0  
150 122.34594 -17.0 3.0 3.0  
151 125.48301 -17.0 3.0 3.0  
152 128.62009 -17.0 3.0 3.0  
153 131.75716 -17.0 3.0 3.0  
154 134.89424 -17.0 3.0 3.0  
155 138.03131 -17.0 3.0 3.0  
156 141.16839 -17.0 3.0 3.0  
157 144.30546 -17.0 3.0 3.0  
158 147.44254 -17.0 3.0 3.0  
159 150.57961 -17.0 3.0 3.0  
160 153.71669 -17.0 3.0 3.0  
161 156.85376 -17.0 3.0 3.0  
162 159.99084 -17.0 3.0 3.0  
163 163.12791 -17.0 3.0 3.0  
164 166.26499 -17.0 3.0 3.0  
165 169.40206 -17.0 3.0 3.0  
166 172.53914 -17.0 3.0 3.0  
167 175.67622 -17.0 3.0 3.0  
168 178.81329 -17.0 3.0 3.0  
169 181.95037 -17.0 3.0 3.0  
170 185.08744 -17.0 3.0 3.0  
171 188.22452 -17.0 3.0 3.0  
172 191.36159 -17.0 3.0 3.0  
173 194.49867 -17.0 3.0 3.0  
174 197.63574 -17.0 3.0 3.0  
175 200.77282 -17.0 3.0 3.0  
176 203.90989 -17.0 3.0 3.0  
177 207.04697 -17.0 3.0 3.0  
178 210.18404 -17.0 3.0 3.0  
179 213.32112 -17.0 3.0 3.0  
180 216.45819 -17.0 3.0 3.0  
181 219.59527 -17.0 3.0 3.0  
182 222.73234 -17.0 3.0 3.0  
183 225.86942 -17.0 3.0 3.0  
184 229.00649 -17.0 3.0 3.0  
185 232.14357 -17.0 3.0 3.0  
186 235.28065 -17.0 3.0 3.0  
187 238.41772 -17.0 3.0 3.0  
188 241.5548 -17.0 3.0 3.0  
189 244.69187 -17.0 3.0 3.0  
190 247.82895 -17.0 3.0 3.0  
191 250.96602 -17.0 3.0 3.0  
192 254.1031 -17.0 3.0 3.0  
193 257.24017 -17.0 3.0 3.0  
194 260.37725 -17.0 3.0 3.0  
195 263.51432 -17.0 3.0 3.0  
196 266.6514 -17.0 3.0 3.0  
197 269.78847 -17.0 3.0 3.0  
198 272.92555 -17.0 3.0 3.0  
199 276.06262 -17.0 3.0 3.0  
200 279.1997 -17.0 3.0 3.0  
201 282.33677 -17.0 3.0 3.0  
202 285.47385 -17.0 3.0 3.0  
203 288.61092 -17.0 3.0 3.0  
204 291.748 -17.0 3.0 3.0  
205 294.88508 -17.0 3.0 3.0  
206 298.02215 -17.0 3.0 3.0  
207 301.15923 -17.0 3.0 3.0  
208 304.2963 -17.0 3.0 3.0  
209 307.43338 -17.0 3.0 3.0  
210 310.57045 -17.0 3.0 3.0  
211 313.70753 -17.0 3.0 3.0  
212 316.8446 -17.0 3.0 3.0  
213 319.98168 -17.0 3.0 3.0  
214 323.11875 -17.0 3.0 3.0  
215 326.25583 -17.0 3.0 3.0  
216 329.3929 -17.0 3.0 3.0  
217 332.52998 -17.0 3.0 3.0  
218 335.66705 -17.0 3.0 3.0  
219 338.80413 -17.0 3.0 3.0  
220 341.9412 -17.0 3.0 3.0  
221 345.07828 -17.0 3.0 3.0  
222 348.21535 -17.0 3.0 3.0  
223 351.35243 -17.0 3.0 3.0  
224 354.48951 -17.0 3.0 3.0  
225 357.62658 -17.0 3.0 3.0  
226 3.09184 -14.0 3.0 3.0  
227 6.18368 -14.0 3.0 3.0  
228 9.27552 -14.0 3.0 3.0  
229 12.36736 -14.0 3.0 3.0  
230 15.4592 -14.0 3.0 3.0  
231 18.55105 -14.0 3.0 3.0  
232 21.64289 -14.0 3.0 3.0  
233 24.73473 -14.0 3.0 3.0  
234 27.82657 -14.0 3.0 3.0  
235 30.91841 -14.0 3.0 3.0  
236 34.01025 -14.0 3.0 3.0  
237 37.10209 -14.0 3.0 3.0  
238 40.19393 -14.0 3.0 3.0  
239 43.28577 -14.0 3.0 3.0  
240 46.37761 -14.0 3.0 3.0  
241 49.46945 -14.0 3.0 3.0  
242 52.5613 -14.0 3.0 3.0  
243 55.65314 -14.0 3.0 3.0  
244 58.74498 -14.0 3.0 3.0  
245 61.83682 -14.0 3.0 3.0  
246 64.92866 -14.0 3.0 3.0  
247 68.0205 -14.0 3.0 3.0  
248 71.11234 -14.0 3.0 3.0  
249 74.20418 -14.0 3.0 3.0  
250 77.29602 -14.0 3.0 3.0  
251 80.38786 -14.0 3.0 3.0  
252 83.4797 -14.0 3.0 3.0  
253 86.57154 -14.0 3.0 3.0  
254 89.66339 -14.0 3.0 3.0  
255 92.75523 -14.0 3.0 3.0  
256 95.84707 -14.0 3.0 3.0  
257 98.93891 -14.0 3.0 3.0  
258 102.03075 -14.0 3.0 3.0  
259 105.12259 -14.0 3.0 3.0  
260 108.21443 -14.0 3.0 3.0  
261 111.30627 -14.0 3.0 3.0  
262 114.39811 -14.0 3.0 3.0  
263 117.48995 -14.0 3.0 3.0  
264 120.58179 -14.0 3.0 3.0  
265 123.67364 -14.0 3.0 3.0  
266 126.76548 -14.0 3.0 3.0  
267 129.85732 -14.0 3.0 3.0  
268 132.94916 -14.0 3.0 3.0  
269 136.041 -14.0 3.0 3.0  
270 139.13284 -14.0 3.0 3.0  
271 142.22468 -14.0 3.0 3.0  
272 145.31652 -14.0 3.0 3.0  
273 148.40836 -14.0 3.0 3.0  
274 151.5002 -14.0 3.0 3.0  
275 154.59204 -14.0 3.0 3.0  
276 157.68389 -14.0 3.0 3.0  
277 160.77573 -14.0 3.0 3.0  
278 163.86757 -14.0 3.0 3.0  
279 166.95941 -14.0 3.0 3.0  
280 170.05125 -14.0 3.0 3.0  
281 173.14309 -14.0 3.0 3.0  
282 176.23493 -14.0 3.0 3.0  
283 179.32677 -14.0 3.0 3.0  
284 182.41861 -14.0 3.0 3.0  
285 185.51045 -14.0 3.0 3.0  
286 188.60229 -14.0 3.0 3.0  
287 191.69414 -14.0 3.0 3.0  
288 194.78598 -14.0 3.0 3.0  
289 197.87782 -14.0 3.0 3.0  
290 200.96966 -14.0 3.0 3.0  
291 204.0615 -14.0 3.0 3.0  
292 207.15334 -14.0 3.0 3.0  
293 210.24518 -14.0 3.0 3.0  
294 213.33702 -14.0 3.0 3.0  
295 216.42886 -14.0 3.0 3.0  
296 219.5207 -14.0 3.0 3.0  
297 222.61254 -14.0 3.0 3.0  
298 225.70438 -14.0 3.0 3.0  
299 228.79623 -14.0 3.0 3.0  
300 231.88807 -14.0 3.0 3.0  
301 234.97991 -14.0 3.0 3.0  
302 238.07175 -14.0 3.0 3.0  
303 241.16359 -14.0 3.0 3.0  
304 244.25543 -14.0 3.0 3.0  
305 247.34727 -14.0 3.0 3.0  
306 250.43911 -14.0 3.0 3.0  
307 253.53095 -14.0 3.0 3.0  
308 256.62279 -14.0 3.0 3.0  
309 259.71463 -14.0 3.0 3.0  
310 262.80648 -14.0 3.0 3.0  
311 265.89832 -14.0 3.0 3.0  
312 268.99016 -14.0 3.0 3.0  
313 272.082 -14.0 3.0 3.0  
314 275.17384 -14.0 3.0 3.0  
315 278.26568 -14.0 3.0 3.0  
316 281.35752 -14.0 3.0 3.0  
317 284.44936 -14.0 3.0 3.0  
318 287.5412 -14.0 3.0 3.0  
319 290.63304 -14.0 3.0 3.0  
320 293.72488 -14.0 3.0 3.0  
321 296.81673 -14.0 3.0 3.0  
322 299.90857 -14.0 3.0 3.0  
323 303.00041 -14.0 3.0 3.0  
324 306.09225 -14.0 3.0 3.0  
325 309.18409 -14.0 3.0 3.0  
326 312.27593 -14.0 3.0 3.0  
327 315.36777 -14.0 3.0 3.0  
328 318.45961 -14.0 3.0 3.0  
329 321.55145 -14.0 3.0 3.0  
330 324.64329 -14.0 3.0 3.0  
331 327.73513 -14.0 3.0 3.0  
332 330.82698 -14.0 3.0 3.0  
333 333.91882 -14.0 3.0 3.0  
334 337.01066 -14.0 3.0 3.0  
335 340.1025 -14.0 3.0 3.0  
336 343.19434 -14.0 3.0 3.0  
337 346.28618 -14.0 3.0 3.0  
338 349.37802 -14.0 3.0 3.0  
339 352.46986 -14.0 3.0 3.0  
340 355.5617 -14.0 3.0 3.0  
341 358.65354 -14.0 3.0 3.0  
342 3.05615 -11.0 3.0 3.0  
343 6.1123 -11.0 3.0 3.0  
344 9.16845 -11.0 3.0 3.0  
345 12.2246 -11.0 3.0 3.0  
346 15.28075 -11.0 3.0 3.0  
347 18.3369 -11.0 3.0 3.0  
348 21.39305 -11.0 3.0 3.0  
349 24.4492 -11.0 3.0 3.0  
350 27.50535 -11.0 3.0 3.0  
351 30.5615 -11.0 3.0 3.0  
352 33.61765 -11.0 3.0 3.0  
353 36.6738 -11.0 3.0 3.0  
354 39.72995 -11.0 3.0 3.0  
355 42.7861 -11.0 3.0 3.0  
356 45.84225 -11.0 3.0 3.0  
357 48.8984 -11.0 3.0 3.0  
358 51.95455 -11.0 3.0 3.0  
359 55.0107 -11.0 3.0 3.0  
360 58.06685 -11.0 3.0 3.0  
361 61.123 -11.0 3.0 3.0  
362 64.17915 -11.0 3.0 3.0  
363 67.2353 -11.0 3.0 3.0  
364 70.29145 -11.0 3.0 3.0  
365 73.3476 -11.0 3.0 3.0  
366 76.40375 -11.0 3.0 3.0  
367 79.4599 -11.0 3.0 3.0  
368 82.51605 -11.0 3.0 3.0  
369 85.5722 -11.0 3.0 3.0  
370 88.62835 -11.0 3.0 3.0  
371 91.6845 -11.0 3.0 3.0  
372 94.74065 -11.0 3.0 3.0  
373 97.7968 -11.0 3.0 3.0  
374 100.85295 -11.0 3.0 3.0  
375 103.9091 -11.0 3.0 3.0  
376 106.96525 -11.0 3.0 3.0  
377 110.0214 -11.0 3.0 3.0  
378 113.07755 -11.0 3.0 3.0  
379 116.1337 -11.0 3.0 3.0  
380 119.18985 -11.0 3.0 3.0  
381 122.246 -11.0 3.0 3.0  
382 125.30215 -11.0 3.0 3.0  
383 128.3583 -11.0 3.0 3.0  
384 131.41445 -11.0 3.0 3.0  
385 134.4706 -11.0 3.0 3.0  
386 137.52675 -11.0 3.0 3.0  
387 140.5829 -11.0 3.0 3.0  
388 143.63905 -11.0 3.0 3.0  
389 146.6952 -11.0 3.0 3.0  
390 149.75135 -11.0 3.0 3.0  
391 152.8075 -11.0 3.0 3.0  
392 155.86365 -11.0 3.0 3.0  
393 158.9198 -11.0 3.0 3.0  
394 161.97595 -11.0 3.0 3.0  
395 165.0321 -11.0 3.0 3.0  
396 168.08825 -11.0 3.0 3.0  
397 171.1444 -11.0 3.0 3.0  
398 174.20055 -11.0 3.0 3.0  
399 177.2567 -11.0 3.0 3.0  
400 180.31286 -11.0 3.0 3.0  
401 183.36901 -11.0 3.0 3.0  
402 186.42516 -11.0 3.0 3.0  
403 189.48131 -11.0 3.0 3.0  
404 192.53746 -11.0 3.0 3.0  
405 195.59361 -11.0 3.0 3.0  
406 198.64976 -11.0 3.0 3.0  
407 201.70591 -11.0 3.0 3.0  
408 204.76206 -11.0 3.0 3.0  
409 207.81821 -11.0 3.0 3.0  
410 210.87436 -11.0 3.0 3.0  
411 213.93051 -11.0 3.0 3.0  
412 216.98666 -11.0 3.0 3.0  
413 220.04281 -11.0 3.0 3.0  
414 223.09896 -11.0 3.0 3.0  
415 226.15511 -11.0 3.0 3.0  
416 229.21126 -11.0 3.0 3.0  
417 232.26741 -11.0 3.0 3.0  
418 235.32356 -11.0 3.0 3.0  
419 238.37971 -11.0 3.0 3.0  
420 241.43586 -11.0 3.0 3.0  
421 244.49201 -11.0 3.0 3.0  
422 247.54816 -11.0 3.0 3.0  
423 250.60431 -11.0 3.0 3.0  
424 253.66046 -11.0 3.0 3.0  
425 256.71661 -11.0 3.0 3.0  
426 259.77276 -11.0 3.0 3.0  
427 262.82891 -11.0 3.0 3.0  
428 265.88506 -11.0 3.0 3.0  
429 268.94121 -11.0 3.0 3.0  
430 271.99736 -11.0 3.0 3.0  
431 275.05351 -11.0 3.0 3.0  
432 278.10966 -11.0 3.0 3.0  
433 281.16581 -11.0 3.0 3.0  
434 284.22196 -11.0 3.0 3.0  
435 287.27811 -11.0 3.0 3.0  
436 290.33426 -11.0 3.0 3.0  
437 293.39041 -11.0 3.0 3.0  
438 296.44656 -11.0 3.0 3.0  
439 299.50271 -11.0 3.0 3.0  
440 302.55886 -11.0 3.0 3.0  
441 305.61501 -11.0 3.0 3.0  
442 308.67116 -11.0 3.0 3.0  
443 311.72731 -11.0 3.0 3.0  
444 314.78346 -11.0 3.0 3.0  
445 317.83961 -11.0 3.0 3.0  
446 320.89576 -11.0 3.0 3.0  
447 323.95191 -11.0 3.0 3.0  
448 327.00806 -11.0 3.0 3.0  
449 330.06421 -11.0 3.0 3.0  
450 333.12036 -11.0 3.0 3.0  
451 336.17651 -11.0 3.0 3.0  
452 339.23266 -11.0 3.0 3.0  
453 342.28881 -11.0 3.0 3.0  
454 345.34496 -11.0 3.0 3.0  
455 348.40111 -11.0 3.0 3.0  
456 351.45726 -11.0 3.0 3.0  
457 354.51341 -11.0 3.0 3.0  
458 357.56956 -11.0 3.0 3.0  
459 3.02948 -8.0 3.0 3.0  
460 6.05897 -8.0 3.0 3.0  
461 9.08845 -8.0 3.0 3.0  
462 12.11793 -8.0 3.0 3.0  
463 15.14741 -8.0 3.0 3.0  
464 18.1769 -8.0 3.0 3.0  
465 21.20638 -8.0 3.0 3.0  
466 24.23586 -8.0 3.0 3.0  
467 27.26534 -8.0 3.0 3.0  
468 30.29483 -8.0 3.0 3.0  
469 33.32431 -8.0 3.0 3.0  
470 36.35379 -8.0 3.0 3.0  
471 39.38328 -8.0 3.0 3.0  
472 42.41276 -8.0 3.0 3.0  
473 45.44224 -8.0 3.0 3.0  
474 48.47172 -8.0 3.0 3.0  
475 51.50121 -8.0 3.0 3.0  
476 54.53069 -8.0 3.0 3.0  
477 57.56017 -8.0 3.0 3.0  
478 60.58965 -8.0 3.0 3.0  
479 63.61914 -8.0 3.0 3.0  
480 66.64862 -8.0 3.0 3.0  
481 69.6781 -8.0 3.0 3.0  
482 72.70759 -8.0 3.0 3.0  
483 75.73707 -8.0 3.0 3.0  
484 78.76655 -8.0 3.0 3.0  
485 81.79603 -8.0 3.0 3.0  
486 84.82552 -8.0 3.0 3.0  
487 87.855 -8.0 3.0 3.0  
488 90.88448 -8.0 3.0 3.0  
489 93.91396 -8.0 3.0 3.0  
490 96.94345 -8.0 3.0 3.0  
491 99.97293 -8.0 3.0 3.0  
492 103.00241 -8.0 3.0 3.0  
493 106.0319 -8.0 3.0 3.0  
494 109.06138 -8.0 3.0 3.0  
495 112.09086 -8.0 3.0 3.0  
496 115.12034 -8.0 3.0 3.0  
497 118.14983 -8.0 3.0 3.0  
498 121.17931 -8.0 3.0 3.0  
499 124.20879 -8.0 3.0 3.0  
500 127.23827 -8.0 3.0 3.0  
501 130.26776 -8.0 3.0 3.0  
502 133.29724 -8.0 3.0 3.0  
503 136.32672 -8.0 3.0 3.0  
504 139.35621 -8.0 3.0 3.0  
505 142.38569 -8.0 3.0 3.0  
506 145.41517 -8.0 3.0 3.0  
507 148.44465 -8.0 3.0 3.0  
508 151.47414 -8.0 3.0 3.0  
509 154.50362 -8.0 3.0 3.0  
510 157.5331 -8.0 3.0 3.0  
511 160.56258 -8.0 3.0 3.0  
512 163.59207 -8.0 3.0 3.0  
513 166.62155 -8.0 3.0 3.0  
514 169.65103 -8.0 3.0 3.0  
515 172.68051 -8.0 3.0 3.0  
516 175.71 -8.0 3.0 3.0  
517 178.73948 -8.0 3.0 3.0  
518 181.76896 -8.0 3.0 3.0  
519 184.79845 -8.0 3.0 3.0  
520 187.82793 -8.0 3.0 3.0  
521 190.85741 -8.0 3.0 3.0  
522 193.88689 -8.0 3.0 3.0  
523 196.91638 -8.0 3.0 3.0  
524 199.94586 -8.0 3.0 3.0  
525 202.97534 -8.0 3.0 3.0  
526 206.00482 -8.0 3.0 3.0  
527 209.03431 -8.0 3.0 3.0  
528 212.06379 -8.0 3.0 3.0  
529 215.09327 -8.0 3.0 3.0  
530 218.12276 -8.0 3.0 3.0  
531 221.15224 -8.0 3.0 3.0  
532 224.18172 -8.0 3.0 3.0  
533 227.2112 -8.0 3.0 3.0  
534 230.24069 -8.0 3.0 3.0  
535 233.27017 -8.0 3.0 3.0  
536 236.29965 -8.0 3.0 3.0  
537 239.32913 -8.0 3.0 3.0  
538 242.35862 -8.0 3.0 3.0  
539 245.3881 -8.0 3.0 3.0  
540 248.41758 -8.0 3.0 3.0  
541 251.44707 -8.0 3.0 3.0  
542 254.47655 -8.0 3.0 3.0  
543 257.50603 -8.0 3.0 3.0  
544 260.53551 -8.0 3.0 3.0  
545 263.565 -8.0 3.0 3.0  
546 266.59448 -8.0 3.0 3.0  
547 269.62396 -8.0 3.0 3.0  
548 272.65344 -8.0 3.0 3.0  
549 275.68293 -8.0 3.0 3.0  
550 278.71241 -8.0 3.0 3.0  
551 281.74189 -8.0 3.0 3.0  
552 284.77138 -8.0 3.0 3.0  
553 287.80086 -8.0 3.0 3.0  
554 290.83034 -8.0 3.0 3.0  
555 293.85982 -8.0 3.0 3.0  
556 296.88931 -8.0 3.0 3.0  
557 299.91879 -8.0 3.0 3.0  
558 302.94827 -8.0 3.0 3.0  
559 305.97775 -8.0 3.0 3.0  
560 309.00724 -8.0 3.0 3.0  
561 312.03672 -8.0 3.0 3.0  
562 315.0662 -8.0 3.0 3.0  
563 318.09569 -8.0 3.0 3.0  
564 321.12517 -8.0 3.0 3.0  
565 324.15465 -8.0 3.0 3.0  
566 327.18413 -8.0 3.0 3.0  
567 330.21362 -8.0 3.0 3.0  
568 333.2431 -8.0 3.0 3.0  
569 336.27258 -8.0 3.0 3.0  
570 339.30206 -8.0 3.0 3.0  
571 342.33155 -8.0 3.0 3.0  
572 345.36103 -8.0 3.0 3.0  
573 348.39051 -8.0 3.0 3.0  
574 351.42 -8.0 3.0 3.0  
575 354.44948 -8.0 3.0 3.0  
576 357.47896 -8.0 3.0 3.0  
577 3.01146 -5.0 3.0 3.0  
578 6.02292 -5.0 3.0 3.0  
579 9.03438 -5.0 3.0 3.0  
580 12.04584 -5.0 3.0 3.0  
581 15.0573 -5.0 3.0 3.0  
582 18.06876 -5.0 3.0 3.0  
583 21.08022 -5.0 3.0 3.0  
584 24.09168 -5.0 3.0 3.0  
585 27.10314 -5.0 3.0 3.0  
586 30.1146 -5.0 3.0 3.0  
587 33.12605 -5.0 3.0 3.0  
588 36.13751 -5.0 3.0 3.0  
589 39.14897 -5.0 3.0 3.0  
590 42.16043 -5.0 3.0 3.0  
591 45.17189 -5.0 3.0 3.0  
592 48.18335 -5.0 3.0 3.0  
593 51.19481 -5.0 3.0 3.0  
594 54.20627 -5.0 3.0 3.0  
595 57.21773 -5.0 3.0 3.0  
596 60.22919 -5.0 3.0 3.0  
597 63.24065 -5.0 3.0 3.0  
598 66.25211 -5.0 3.0 3.0  
599 69.26357 -5.0 3.0 3.0  
600 72.27503 -5.0 3.0 3.0  
601 75.28649 -5.0 3.0 3.0  
602 78.29795 -5.0 3.0 3.0  
603 81.30941 -5.0 3.0 3.0  
604 84.32087 -5.0 3.0 3.0  
605 87.33233 -5.0 3.0 3.0  
606 90.34379 -5.0 3.0 3.0  
607 93.35524 -5.0 3.0 3.0  
608 96.3667 -5.0 3.0 3.0  
609 99.37816 -5.0 3.0 3.0  
610 102.38962 -5.0 3.0 3.0  
611 105.40108 -5.0 3.0 3.0  
612 108.41254 -5.0 3.0 3.0  
613 111.424 -5.0 3.0 3.0  
614 114.43546 -5.0 3.0 3.0  
615 117.44692 -5.0 3.0 3.0  
616 120.45838 -5.0 3.0 3.0  
617 123.46984 -5.0 3.0 3.0  
618 126.4813 -5.0 3.0 3.0  
619 129.49276 -5.0 3.0 3.0  
620 132.50422 -5.0 3.0 3.0  
621 135.51568 -5.0 3.0 3.0  
622 138.52714 -5.0 3.0 3.0  
623 141.5386 -5.0 3.0 3.0  
624 144.55006 -5.0 3.0 3.0  
625 147.56152 -5.0 3.0 3.0  
626 150.57298 -5.0 3.0 3.0  
627 153.58444 -5.0 3.0 3.0  
628 156.59589 -5.0 3.0 3.0  
629 159.60735 -5.0 3.0 3.0  
630 162.61881 -5.0 3.0 3.0  
631 165.63027 -5.0 3.0 3.0  
632 168.64173 -5.0 3.0 3.0  
633 171.65319 -5.0 3.0 3.0  
634 174.66465 -5.0 3.0 3.0  
635 177.67611 -5.0 3.0 3.0  
636 180.68757 -5.0 3.0 3.0  
637 183.69903 -5.0 3.0 3.0  
638 186.71049 -5.0 3.0 3.0  
639 189.72195 -5.0 3.0 3.0  
640 192.73341 -5.0 3.0 3.0  
641 195.74487 -5.0 3.0 3.0  
642 198.75633 -5.0 3.0 3.0  
643 201.76779 -5.0 3.0 3.0  
644 204.77925 -5.0 3.0 3.0  
645 207.79071 -5.0 3.0 3.0  
646 210.80217 -5.0 3.0 3.0  
647 213.81363 -5.0 3.0 3.0  
648 216.82508 -5.0 3.0 3.0  
649 219.83654 -5.0 3.0 3.0  
650 222.848 -5.0 3.0 3.0  
651 225.85946 -5.0 3.0 3.0  
652 228.87092 -5.0 3.0 3.0  
653 231.88238 -5.0 3.0 3.0  
654 234.89384 -5.0 3.0 3.0  
655 237.9053 -5.0 3.0 3.0  
656 240.91676 -5.0 3.0 3.0  
657 243.92822 -5.0 3.0 3.0  
658 246.93968 -5.0 3.0 3.0  
659 249.95114 -5.0 3.0 3.0  
660 252.9626 -5.0 3.0 3.0  
661 255.97406 -5.0 3.0 3.0  
662 258.98552 -5.0 3.0 3.0  
663 261.99698 -5.0 3.0 3.0  
664 265.00844 -5.0 3.0 3.0  
665 268.0199 -5.0 3.0 3.0  
666 271.03136 -5.0 3.0 3.0  
667 274.04282 -5.0 3.0 3.0  
668 277.05428 -5.0 3.0 3.0  
669 280.06573 -5.0 3.0 3.0  
670 283.07719 -5.0 3.0 3.0  
671 286.08865 -5.0 3.0 3.0  
672 289.10011 -5.0 3.0 3.0  
673 292.11157 -5.0 3.0 3.0  
674 295.12303 -5.0 3.0 3.0  
675 298.13449 -5.0 3.0 3.0  
676 301.14595 -5.0 3.0 3.0  
677 304.15741 -5.0 3.0 3.0  
678 307.16887 -5.0 3.0 3.0  
679 310.18033 -5.0 3.0 3.0  
680 313.19179 -5.0 3.0 3.0  
681 316.20325 -5.0 3.0 3.0  
682 319.21471 -5.0 3.0 3.0  
683 322.22617 -5.0 3.0 3.0  
684 325.23763 -5.0 3.0 3.0  
685 328.24909 -5.0 3.0 3.0  
686 331.26055 -5.0 3.0 3.0  
687 334.27201 -5.0 3.0 3.0  
688 337.28347 -5.0 3.0 3.0  
689 340.29492 -5.0 3.0 3.0  
690 343.30638 -5.0 3.0 3.0  
691 346.31784 -5.0 3.0 3.0  
692 349.3293 -5.0 3.0 3.0  
693 352.34076 -5.0 3.0 3.0  
694 355.35222 -5.0 3.0 3.0  
695 358.36368 -5.0 3.0 3.0  
696 3.00183 -2.0 3.0 3.0  
697 6.00366 -2.0 3.0 3.0  
698 9.00549 -2.0 3.0 3.0  
699 12.00731 -2.0 3.0 3.0  
700 15.00914 -2.0 3.0 3.0  
701 18.01097 -2.0 3.0 3.0  
702 21.0128 -2.0 3.0 3.0  
703 24.01463 -2.0 3.0 3.0  
704 27.01646 -2.0 3.0 3.0  
705 30.01829 -2.0 3.0 3.0  
706 33.02011 -2.0 3.0 3.0  
707 36.02194 -2.0 3.0 3.0  
708 39.02377 -2.0 3.0 3.0  
709 42.0256 -2.0 3.0 3.0  
710 45.02743 -2.0 3.0 3.0  
711 48.02926 -2.0 3.0 3.0  
712 51.03109 -2.0 3.0 3.0  
713 54.03292 -2.0 3.0 3.0  
714 57.03474 -2.0 3.0 3.0  
715 60.03657 -2.0 3.0 3.0  
716 63.0384 -2.0 3.0 3.0  
717 66.04023 -2.0 3.0 3.0  
718 69.04206 -2.0 3.0 3.0  
719 72.04389 -2.0 3.0 3.0  
720 75.04572 -2.0 3.0 3.0  
721 78.04754 -2.0 3.0 3.0  
722 81.04937 -2.0 3.0 3.0  
723 84.0512 -2.0 3.0 3.0  
724 87.05303 -2.0 3.0 3.0  
725 90.05486 -2.0 3.0 3.0  
726 93.05669 -2.0 3.0 3.0  
727 96.05852 -2.0 3.0 3.0  
728 99.06034 -2.0 3.0 3.0  
729 102.06217 -2.0 3.0 3.0  
730 105.064 -2.0 3.0 3.0  
731 108.06583 -2.0 3.0 3.0  
732 111.06766 -2.0 3.0 3.0  
733 114.06949 -2.0 3.0 3.0  
734 117.07132 -2.0 3.0 3.0  
735 120.07315 -2.0 3.0 3.0  
736 123.07497 -2.0 3.0 3.0  
737 126.0768 -2.0 3.0 3.0  
738 129.07863 -2.0 3.0 3.0  
739 132.08046 -2.0 3.0 3.0  
740 135.08229 -2.0 3.0 3.0  
741 138.08412 -2.0 3.0 3.0  
742 141.08595 -2.0 3.0 3.0  
743 144.08777 -2.0 3.0 3.0  
744 147.0896 -2.0 3.0 3.0  
745 150.09143 -2.0 3.0 3.0  
746 153.09326 -2.0 3.0 3.0  
747 156.09509 -2.0 3.0 3.0  
748 159.09692 -2.0 3.0 3.0  
749 162.09875 -2.0 3.0 3.0  
750 165.10057 -2.0 3.0 3.0  
751 168.1024 -2.0 3.0 3.0  
752 171.10423 -2.0 3.0 3.0  
753 174.10606 -2.0 3.0 3.0  
754 177.10789 -2.0 3.0 3.0  
755 180.10972 -2.0 3.0 3.0  
756 183.11155 -2.0 3.0 3.0  
757 186.11338 -2.0 3.0 3.0  
758 189.1152 -2.0 3.0 3.0  
759 192.11703 -2.0 3.0 3.0  
760 195.11886 -2.0 3.0 3.0  
761 198.12069 -2.0 3.0 3.0  
762 201.12252 -2.0 3.0 3.0  
763 204.12435 -2.0 3.0 3.0  
764 207.12618 -2.0 3.0 3.0  
765 210.128 -2.0 3.0 3.0  
766 213.12983 -2.0 3.0 3.0  
767 216.13166 -2.0 3.0 3.0  
768 219.13349 -2.0 3.0 3.0  
769 222.13532 -2.0 3.0 3.0  
770 225.13715 -2.0 3.0 3.0  
771 228.13898 -2.0 3.0 3.0  
772 231.1408 -2.0 3.0 3.0  
773 234.14263 -2.0 3.0 3.0  
774 237.14446 -2.0 3.0 3.0  
775 240.14629 -2.0 3.0 3.0  
776 243.14812 -2.0 3.0 3.0  
777 246.14995 -2.0 3.0 3.0  
778 249.15178 -2.0 3.0 3.0  
779 252.15361 -2.0 3.0 3.0  
780 255.15543 -2.0 3.0 3.0  
781 258.15726 -2.0 3.0 3.0  
782 261.15909 -2.0 3.0 3.0  
783 264.16092 -2.0 3.0 3.0  
784 267.16275 -2.0 3.0 3.0  
785 270.16458 -2.0 3.0 3.0  
786 273.16641 -2.0 3.0 3.0  
787 276.16823 -2.0 3.0 3.0  
788 279.17006 -2.0 3.0 3.0  
789 282.17189 -2.0 3.0 3.0  
790 285.17372 -2.0 3.0 3.0  
791 288.17555 -2.0 3.0 3.0  
792 291.17738 -2.0 3.0 3.0  
793 294.17921 -2.0 3.0 3.0  
794 297.18103 -2.0 3.0 3.0  
795 300.18286 -2.0 3.0 3.0  
796 303.18469 -2.0 3.0 3.0  
797 306.18652 -2.0 3.0 3.0  
798 309.18835 -2.0 3.0 3.0  
799 312.19018 -2.0 3.0 3.0  
800 315.19201 -2.0 3.0 3.0  
801 318.19384 -2.0 3.0 3.0  
802 321.19566 -2.0 3.0 3.0  
803 324.19749 -2.0 3.0 3.0  
804 327.19932 -2.0 3.0 3.0  
805 330.20115 -2.0 3.0 3.0  
806 333.20298 -2.0 3.0 3.0  
807 336.20481 -2.0 3.0 3.0  
808 339.20664 -2.0 3.0 3.0  
809 342.20846 -2.0 3.0 3.0  
810 345.21029 -2.0 3.0 3.0  
811 348.21212 -2.0 3.0 3.0  
812 351.21395 -2.0 3.0 3.0  
813 354.21578 -2.0 3.0 3.0  
814 357.21761 -2.0 3.0 3.0  
815 3.00046 1.0 3.0 3.0  
816 6.00091 1.0 3.0 3.0  
817 9.00137 1.0 3.0 3.0  
818 12.00183 1.0 3.0 3.0  
819 15.00228 1.0 3.0 3.0  
820 18.00274 1.0 3.0 3.0  
821 21.0032 1.0 3.0 3.0  
822 24.00366 1.0 3.0 3.0  
823 27.00411 1.0 3.0 3.0  
824 30.00457 1.0 3.0 3.0  
825 33.00503 1.0 3.0 3.0  
826 36.00548 1.0 3.0 3.0  
827 39.00594 1.0 3.0 3.0  
828 42.0064 1.0 3.0 3.0  
829 45.00685 1.0 3.0 3.0  
830 48.00731 1.0 3.0 3.0  
831 51.00777 1.0 3.0 3.0  
832 54.00823 1.0 3.0 3.0  
833 57.00868 1.0 3.0 3.0  
834 60.00914 1.0 3.0 3.0  
835 63.0096 1.0 3.0 3.0  
836 66.01005 1.0 3.0 3.0  
837 69.01051 1.0 3.0 3.0  
838 72.01097 1.0 3.0 3.0  
839 75.01142 1.0 3.0 3.0  
840 78.01188 1.0 3.0 3.0  
841 81.01234 1.0 3.0 3.0  
842 84.0128 1.0 3.0 3.0  
843 87.01325 1.0 3.0 3.0  
844 90.01371 1.0 3.0 3.0  
845 93.01417 1.0 3.0 3.0  
846 96.01462 1.0 3.0 3.0  
847 99.01508 1.0 3.0 3.0  
848 102.01554 1.0 3.0 3.0  
849 105.01599 1.0 3.0 3.0  
850 108.01645 1.0 3.0 3.0  
851 111.01691 1.0 3.0 3.0  
852 114.01737 1.0 3.0 3.0  
853 117.01782 1.0 3.0 3.0  
854 120.01828 1.0 3.0 3.0  
855 123.01874 1.0 3.0 3.0  
856 126.01919 1.0 3.0 3.0  
857 129.01965 1.0 3.0 3.0  
858 132.02011 1.0 3.0 3.0  
859 135.02056 1.0 3.0 3.0  
860 138.02102 1.0 3.0 3.0  
861 141.02148 1.0 3.0 3.0  
862 144.02194 1.0 3.0 3.0  
863 147.02239 1.0 3.0 3.0  
864 150.02285 1.0 3.0 3.0  
865 153.02331 1.0 3.0 3.0  
866 156.02376 1.0 3.0 3.0  
867 159.02422 1.0 3.0 3.0  
868 162.02468 1.0 3.0 3.0  
869 165.02513 1.0 3.0 3.0  
870 168.02559 1.0 3.0 3.0  
871 171.02605 1.0 3.0 3.0  
872 174.02651 1.0 3.0 3.0  
873 177.02696 1.0 3.0 3.0  
874 180.02742 1.0 3.0 3.0  
875 183.02788 1.0 3.0 3.0  
876 186.02833 1.0 3.0 3.0  
877 189.02879 1.0 3.0 3.0  
878 192.02925 1.0 3.0 3.0  
879 195.0297 1.0 3.0 3.0  
880 198.03016 1.0 3.0 3.0  
881 201.03062 1.0 3.0 3.0  
882 204.03107 1.0 3.0 3.0  
883 207.03153 1.0 3.0 3.0  
884 210.03199 1.0 3.0 3.0  
885 213.03245 1.0 3.0 3.0  
886 216.0329 1.0 3.0 3.0  
887 219.03336 1.0 3.0 3.0  
888 222.03382 1.0 3.0 3.0  
889 225.03427 1.0 3.0 3.0  
890 228.03473 1.0 3.0 3.0  
891 231.03519 1.0 3.0 3.0  
892 234.03564 1.0 3.0 3.0  
893 237.0361 1.0 3.0 3.0  
894 240.03656 1.0 3.0 3.0  
895 243.03702 1.0 3.0 3.0  
896 246.03747 1.0 3.0 3.0  
897 249.03793 1.0 3.0 3.0  
898 252.03839 1.0 3.0 3.0  
899 255.03884 1.0 3.0 3.0  
900 258.0393 1.0 3.0 3.0  
901 261.03976 1.0 3.0 3.0  
902 264.04021 1.0 3.0 3.0  
903 267.04067 1.0 3.0 3.0  
904 270.04113 1.0 3.0 3.0  
905 273.04159 1.0 3.0 3.0  
906 276.04204 1.0 3.0 3.0  
907 279.0425 1.0 3.0 3.0  
908 282.04296 1.0 3.0 3.0  
909 285.04341 1.0 3.0 3.0  
910 288.04387 1.0 3.0 3.0  
911 291.04433 1.0 3.0 3.0  
912 294.04478 1.0 3.0 3.0  
913 297.04524 1.0 3.0 3.0  
914 300.0457 1.0 3.0 3.0  
915 303.04616 1.0 3.0 3.0  
916 306.04661 1.0 3.0 3.0  
917 309.04707 1.0 3.0 3.0  
918 312.04753 1.0 3.0 3.0  
919 315.04798 1.0 3.0 3.0  
920 318.04844 1.0 3.0 3.0  
921 321.0489 1.0 3.0 3.0  
922 324.04935 1.0 3.0 3.0  
923 327.04981 1.0 3.0 3.0  
924 330.05027 1.0 3.0 3.0  
925 333.05073 1.0 3.0 3.0  
926 336.05118 1.0 3.0 3.0  
927 339.05164 1.0 3.0 3.0  
928 342.0521 1.0 3.0 3.0  
929 345.05255 1.0 3.0 3.0  
930 348.05301 1.0 3.0 3.0  
931 351.05347 1.0 3.0 3.0  
932 354.05392 1.0 3.0 3.0  
933 357.05438 1.0 3.0 3.0  
934 3.00733 4.0 3.0 3.0  
935 6.01465 4.0 3.0 3.0  
936 9.02198 4.0 3.0 3.0  
937 12.0293 4.0 3.0 3.0  
938 15.03663 4.0 3.0 3.0  
939 18.04395 4.0 3.0 3.0  
940 21.05128 4.0 3.0 3.0  
941 24.05861 4.0 3.0 3.0  
942 27.06593 4.0 3.0 3.0  
943 30.07326 4.0 3.0 3.0  
944 33.08058 4.0 3.0 3.0  
945 36.08791 4.0 3.0 3.0  
946 39.09523 4.0 3.0 3.0  
947 42.10256 4.0 3.0 3.0  
948 45.10989 4.0 3.0 3.0  
949 48.11721 4.0 3.0 3.0  
950 51.12454 4.0 3.0 3.0  
951 54.13186 4.0 3.0 3.0  
952 57.13919 4.0 3.0 3.0  
953 60.14651 4.0 3.0 3.0  
954 63.15384 4.0 3.0 3.0  
955 66.16117 4.0 3.0 3.0  
956 69.16849 4.0 3.0 3.0  
957 72.17582 4.0 3.0 3.0  
958 75.18314 4.0 3.0 3.0  
959 78.19047 4.0 3.0 3.0  
960 81.19779 4.0 3.0 3.0  
961 84.20512 4.0 3.0 3.0  
962 87.21245 4.0 3.0 3.0  
963 90.21977 4.0 3.0 3.0  
964 93.2271 4.0 3.0 3.0  
965 96.23442 4.0 3.0 3.0  
966 99.24175 4.0 3.0 3.0  
967 102.24907 4.0 3.0 3.0  
968 105.2564 4.0 3.0 3.0  
969 108.26372 4.0 3.0 3.0  
970 111.27105 4.0 3.0 3.0  
971 114.27838 4.0 3.0 3.0  
972 117.2857 4.0 3.0 3.0  
973 120.29303 4.0 3.0 3.0  
974 123.30035 4.0 3.0 3.0  
975 126.30768 4.0 3.0 3.0  
976 129.315 4.0 3.0 3.0  
977 132.32233 4.0 3.0 3.0  
978 135.32966 4.0 3.0 3.0  
979 138.33698 4.0 3.0 3.0  
980 141.34431 4.0 3.0 3.0  
981 144.35163 4.0 3.0 3.0  
982 147.35896 4.0 3.0 3.0  
983 150.36628 4.0 3.0 3.0  
984 153.37361 4.0 3.0 3.0  
985 156.38094 4.0 3.0 3.0  
986 159.38826 4.0 3.0 3.0  
987 162.39559 4.0 3.0 3.0  
988 165.40291 4.0 3.0 3.0  
989 168.41024 4.0 3.0 3.0  
990 171.41756 4.0 3.0 3.0  
991 174.42489 4.0 3.0 3.0  
992 177.43222 4.0 3.0 3.0  
993 180.43954 4.0 3.0 3.0  
994 183.44687 4.0 3.0 3.0  
995 186.45419 4.0 3.0 3.0  
996 189.46152 4.0 3.0 3.0  
997 192.46884 4.0 3.0 3.0  
998 195.47617 4.0 3.0 3.0  
999 198.4835 4.0 3.0 3.0  
1000 201.49082 4.0 3.0 3.0  
1001 204.49815 4.0 3.0 3.0  
1002 207.50547 4.0 3.0 3.0  
1003 210.5128 4.0 3.0 3.0  
1004 213.52012 4.0 3.0 3.0  
1005 216.52745 4.0 3.0 3.0  
1006 219.53478 4.0 3.0 3.0  
1007 222.5421 4.0 3.0 3.0  
1008 225.54943 4.0 3.0 3.0  
1009 228.55675 4.0 3.0 3.0  
1010 231.56408 4.0 3.0 3.0  
1011 234.5714 4.0 3.0 3.0  
1012 237.57873 4.0 3.0 3.0  
1013 240.58606 4.0 3.0 3.0  
1014 243.59338 4.0 3.0 3.0  
1015 246.60071 4.0 3.0 3.0  
1016 249.60803 4.0 3.0 3.0  
1017 252.61536 4.0 3.0 3.0  
1018 255.62268 4.0 3.0 3.0  
1019 258.63001 4.0 3.0 3.0  
1020 261.63734 4.0 3.0 3.0  
1021 264.64466 4.0 3.0 3.0  
1022 267.65199 4.0 3.0 3.0  
1023 270.65931 4.0 3.0 3.0  
1024 273.66664 4.0 3.0 3.0  
1025 276.67396 4.0 3.0 3.0  
1026 279.68129 4.0 3.0 3.0  
1027 282.68862 4.0 3.0 3.0  
1028 285.69594 4.0 3.0 3.0  
1029 288.70327 4.0 3.0 3.0  
1030 291.71059 4.0 3.0 3.0  
1031 294.71792 4.0 3.0 3.0  
1032 297.72524 4.0 3.0 3.0  
1033 300.73257 4.0 3.0 3.0  
1034 303.7399 4.0 3.0 3.0  
1035 306.74722 4.0 3.0 3.0  
1036 309.75455 4.0 3.0 3.0  
1037 312.76187 4.0 3.0 3.0  
1038 315.7692 4.0 3.0 3.0  
1039 318.77652 4.0 3.0 3.0  
1040 321.78385 4.0 3.0 3.0  
1041 324.79117 4.0 3.0 3.0  
1042 327.7985 4.0 3.0 3.0  
1043 330.80583 4.0 3.0 3.0  
1044 333.81315 4.0 3.0 3.0  
1045 336.82048 4.0 3.0 3.0  
1046 339.8278 4.0 3.0 3.0  
1047 342.83513 4.0 3.0 3.0  
1048 345.84245 4.0 3.0 3.0  
1049 348.84978 4.0 3.0 3.0  
1050 351.85711 4.0 3.0 3.0  
1051 354.86443 4.0 3.0 3.0  
1052 357.87176 4.0 3.0 3.0  
1053 3.02253 7.0 3.0 3.0  
1054 6.04506 7.0 3.0 3.0  
1055 9.06759 7.0 3.0 3.0  
1056 12.09012 7.0 3.0 3.0  
1057 15.11265 7.0 3.0 3.0  
1058 18.13518 7.0 3.0 3.0  
1059 21.15771 7.0 3.0 3.0  
1060 24.18024 7.0 3.0 3.0  
1061 27.20277 7.0 3.0 3.0  
1062 30.22529 7.0 3.0 3.0  
1063 33.24782 7.0 3.0 3.0  
1064 36.27035 7.0 3.0 3.0  
1065 39.29288 7.0 3.0 3.0  
1066 42.31541 7.0 3.0 3.0  
1067 45.33794 7.0 3.0 3.0  
1068 48.36047 7.0 3.0 3.0  
1069 51.383 7.0 3.0 3.0  
1070 54.40553 7.0 3.0 3.0  
1071 57.42806 7.0 3.0 3.0  
1072 60.45059 7.0 3.0 3.0  
1073 63.47312 7.0 3.0 3.0  
1074 66.49565 7.0 3.0 3.0  
1075 69.51818 7.0 3.0 3.0  
1076 72.54071 7.0 3.0 3.0  
1077 75.56324 7.0 3.0 3.0  
1078 78.58577 7.0 3.0 3.0  
1079 81.6083 7.0 3.0 3.0  
1080 84.63083 7.0 3.0 3.0  
1081 87.65335 7.0 3.0 3.0  
1082 90.67588 7.0 3.0 3.0  
1083 93.69841 7.0 3.0 3.0  
1084 96.72094 7.0 3.0 3.0  
1085 99.74347 7.0 3.0 3.0  
1086 102.766 7.0 3.0 3.0  
1087 105.78853 7.0 3.0 3.0  
1088 108.81106 7.0 3.0 3.0  
1089 111.83359 7.0 3.0 3.0  
1090 114.85612 7.0 3.0 3.0  
1091 117.87865 7.0 3.0 3.0  
1092 120.90118 7.0 3.0 3.0  
1093 123.92371 7.0 3.0 3.0  
1094 126.94624 7.0 3.0 3.0  
1095 129.96877 7.0 3.0 3.0  
1096 132.9913 7.0 3.0 3.0  
1097 136.01383 7.0 3.0 3.0  
1098 139.03636 7.0 3.0 3.0  
1099 142.05889 7.0 3.0 3.0  
1100 145.08141 7.0 3.0 3.0  
1101 148.10394 7.0 3.0 3.0  
1102 151.12647 7.0 3.0 3.0  
1103 154.149 7.0 3.0 3.0  
1104 157.17153 7.0 3.0 3.0  
1105 160.19406 7.0 3.0 3.0  
1106 163.21659 7.0 3.0 3.0  
1107 166.23912 7.0 3.0 3.0  
1108 169.26165 7.0 3.0 3.0  
1109 172.28418 7.0 3.0 3.0  
1110 175.30671 7.0 3.0 3.0  
1111 178.32924 7.0 3.0 3.0  
1112 181.35177 7.0 3.0 3.0  
1113 184.3743 7.0 3.0 3.0  
1114 187.39683 7.0 3.0 3.0  
1115 190.41936 7.0 3.0 3.0  
1116 193.44189 7.0 3.0 3.0  
1117 196.46442 7.0 3.0 3.0  
1118 199.48695 7.0 3.0 3.0  
1119 202.50947 7.0 3.0 3.0  
1120 205.532 7.0 3.0 3.0  
1121 208.55453 7.0 3.0 3.0  
1122 211.57706 7.0 3.0 3.0  
1123 214.59959 7.0 3.0 3.0  
1124 217.62212 7.0 3.0 3.0  
1125 220.64465 7.0 3.0 3.0  
1126 223.66718 7.0 3.0 3.0  
1127 226.68971 7.0 3.0 3.0  
1128 229.71224 7.0 3.0 3.0  
1129 232.73477 7.0 3.0 3.0  
1130 235.7573 7.0 3.0 3.0  
1131 238.77983 7.0 3.0 3.0  
1132 241.80236 7.0 3.0 3.0  
1133 244.82489 7.0 3.0 3.0  
1134 247.84742 7.0 3.0 3.0  
1135 250.86995 7.0 3.0 3.0  
1136 253.89248 7.0 3.0 3.0  
1137 256.91501 7.0 3.0 3.0  
1138 259.93753 7.0 3.0 3.0  
1139 262.96006 7.0 3.0 3.0  
1140 265.98259 7.0 3.0 3.0  
1141 269.00512 7.0 3.0 3.0  
1142 272.02765 7.0 3.0 3.0  
1143 275.05018 7.0 3.0 3.0  
1144 278.07271 7.0 3.0 3.0  
1145 281.09524 7.0 3.0 3.0  
1146 284.11777 7.0 3.0 3.0  
1147 287.1403 7.0 3.0 3.0  
1148 290.16283 7.0 3.0 3.0  
1149 293.18536 7.0 3.0 3.0  
1150 296.20789 7.0 3.0 3.0  
1151 299.23042 7.0 3.0 3.0  
1152 302.25295 7.0 3.0 3.0  
1153 305.27548 7.0 3.0 3.0  
1154 308.29801 7.0 3.0 3.0  
1155 311.32054 7.0 3.0 3.0  
1156 314.34307 7.0 3.0 3.0  
1157 317.3656 7.0 3.0 3.0  
1158 320.38812 7.0 3.0 3.0  
1159 323.41065 7.0 3.0 3.0  
1160 326.43318 7.0 3.0 3.0  
1161 329.45571 7.0 3.0 3.0  
1162 332.47824 7.0 3.0 3.0  
1163 335.50077 7.0 3.0 3.0  
1164 338.5233 7.0 3.0 3.0  
1165 341.54583 7.0 3.0 3.0  
1166 344.56836 7.0 3.0 3.0  
1167 347.59089 7.0 3.0 3.0  
1168 350.61342 7.0 3.0 3.0  
1169 353.63595 7.0 3.0 3.0  
1170 356.65848 7.0 3.0 3.0  
1171 359.68101 7.0 3.0 3.0  
1172 3.04628 10.0 3.0 3.0  
1173 6.09256 10.0 3.0 3.0  
1174 9.13884 10.0 3.0 3.0  
1175 12.18512 10.0 3.0 3.0  
1176 15.2314 10.0 3.0 3.0  
1177 18.27768 10.0 3.0 3.0  
1178 21.32396 10.0 3.0 3.0  
1179 24.37024 10.0 3.0 3.0  
1180 27.41652 10.0 3.0 3.0  
1181 30.4628 10.0 3.0 3.0  
1182 33.50908 10.0 3.0 3.0  
1183 36.55536 10.0 3.0 3.0  
1184 39.60164 10.0 3.0 3.0  
1185 42.64792 10.0 3.0 3.0  
1186 45.6942 10.0 3.0 3.0  
1187 48.74048 10.0 3.0 3.0  
1188 51.78676 10.0 3.0 3.0  
1189 54.83304 10.0 3.0 3.0  
1190 57.87932 10.0 3.0 3.0  
1191 60.9256 10.0 3.0 3.0  
1192 63.97188 10.0 3.0 3.0  
1193 67.01816 10.0 3.0 3.0  
1194 70.06444 10.0 3.0 3.0  
1195 73.11072 10.0 3.0 3.0  
1196 76.157 10.0 3.0 3.0  
1197 79.20328 10.0 3.0 3.0  
1198 82.24956 10.0 3.0 3.0  
1199 85.29584 10.0 3.0 3.0  
1200 88.34212 10.0 3.0 3.0  
1201 91.3884 10.0 3.0 3.0  
1202 94.43467 10.0 3.0 3.0  
1203 97.48095 10.0 3.0 3.0  
1204 100.52723 10.0 3.0 3.0  
1205 103.57351 10.0 3.0 3.0  
1206 106.61979 10.0 3.0 3.0  
1207 109.66607 10.0 3.0 3.0  
1208 112.71235 10.0 3.0 3.0  
1209 115.75863 10.0 3.0 3.0  
1210 118.80491 10.0 3.0 3.0  
1211 121.85119 10.0 3.0 3.0  
1212 124.89747 10.0 3.0 3.0  
1213 127.94375 10.0 3.0 3.0  
1214 130.99003 10.0 3.0 3.0  
1215 134.03631 10.0 3.0 3.0  
1216 137.08259 10.0 3.0 3.0  
1217 140.12887 10.0 3.0 3.0  
1218 143.17515 10.0 3.0 3.0  
1219 146.22143 10.0 3.0 3.0  
1220 149.26771 10.0 3.0 3.0  
1221 152.31399 10.0 3.0 3.0  
1222 155.36027 10.0 3.0 3.0  
1223 158.40655 10.0 3.0 3.0  
1224 161.45283 10.0 3.0 3.0  
1225 164.49911 10.0 3.0 3.0  
1226 167.54539 10.0 3.0 3.0  
1227 170.59167 10.0 3.0 3.0  
1228 173.63795 10.0 3.0 3.0  
1229 176.68423 10.0 3.0 3.0  
1230 179.73051 10.0 3.0 3.0  
1231 182.77679 10.0 3.0 3.0  
1232 185.82307 10.0 3.0 3.0  
1233 188.86935 10.0 3.0 3.0  
1234 191.91563 10.0 3.0 3.0  
1235 194.96191 10.0 3.0 3.0  
1236 198.00819 10.0 3.0 3.0  
1237 201.05447 10.0 3.0 3.0  
1238 204.10075 10.0 3.0 3.0  
1239 207.14703 10.0 3.0 3.0  
1240 210.19331 10.0 3.0 3.0  
1241 213.23959 10.0 3.0 3.0  
1242 216.28587 10.0 3.0 3.0  
1243 219.33215 10.0 3.0 3.0  
1244 222.37843 10.0 3.0 3.0  
1245 225.42471 10.0 3.0 3.0  
1246 228.47099 10.0 3.0 3.0  
1247 231.51727 10.0 3.0 3.0  
1248 234.56355 10.0 3.0 3.0  
1249 237.60983 10.0 3.0 3.0  
1250 240.65611 10.0 3.0 3.0  
1251 243.70239 10.0 3.0 3.0  
1252 246.74867 10.0 3.0 3.0  
1253 249.79495 10.0 3.0 3.0  
1254 252.84123 10.0 3.0 3.0  
1255 255.88751 10.0 3.0 3.0  
1256 258.93379 10.0 3.0 3.0  
1257 261.98007 10.0 3.0 3.0  
1258 265.02635 10.0 3.0 3.0  
1259 268.07263 10.0 3.0 3.0  
1260 271.11891 10.0 3.0 3.0  
1261 274.16519 10.0 3.0 3.0  
1262 277.21147 10.0 3.0 3.0  
1263 280.25774 10.0 3.0 3.0  
1264 283.30402 10.0 3.0 3.0  
1265 286.3503 10.0 3.0 3.0  
1266 289.39658 10.0 3.0 3.0  
1267 292.44286 10.0 3.0 3.0  
1268 295.48914 10.0 3.0 3.0  
1269 298.53542 10.0 3.0 3.0  
1270 301.5817 10.0 3.0 3.0  
1271 304.62798 10.0 3.0 3.0  
1272 307.67426 10.0 3.0 3.0  
1273 310.72054 10.0 3.0 3.0  
1274 313.76682 10.0 3.0 3.0  
1275 316.8131 10.0 3.0 3.0  
1276 319.85938 10.0 3.0 3.0  
1277 322.90566 10.0 3.0 3.0  
1278 325.95194 10.0 3.0 3.0  
1279 328.99822 10.0 3.0 3.0  
1280 332.0445 10.0 3.0 3.0  
1281 335.09078 10.0 3.0 3.0  
1282 338.13706 10.0 3.0 3.0  
1283 341.18334 10.0 3.0 3.0  
1284 344.22962 10.0 3.0 3.0  
1285 347.2759 10.0 3.0 3.0  
1286 350.32218 10.0 3.0 3.0  
1287 353.36846 10.0 3.0 3.0  
1288 356.41474 10.0 3.0 3.0  
1289 359.46102 10.0 3.0 3.0  
1290 3.07891 13.0 3.0 3.0  
1291 6.15782 13.0 3.0 3.0  
1292 9.23674 13.0 3.0 3.0  
1293 12.31565 13.0 3.0 3.0  
1294 15.39456 13.0 3.0 3.0  
1295 18.47347 13.0 3.0 3.0  
1296 21.55239 13.0 3.0 3.0  
1297 24.6313 13.0 3.0 3.0  
1298 27.71021 13.0 3.0 3.0  
1299 30.78912 13.0 3.0 3.0  
1300 33.86804 13.0 3.0 3.0  
1301 36.94695 13.0 3.0 3.0  
1302 40.02586 13.0 3.0 3.0  
1303 43.10477 13.0 3.0 3.0  
1304 46.18368 13.0 3.0 3.0  
1305 49.2626 13.0 3.0 3.0  
1306 52.34151 13.0 3.0 3.0  
1307 55.42042 13.0 3.0 3.0  
1308 58.49933 13.0 3.0 3.0  
1309 61.57825 13.0 3.0 3.0  
1310 64.65716 13.0 3.0 3.0  
1311 67.73607 13.0 3.0 3.0  
1312 70.81498 13.0 3.0 3.0  
1313 73.8939 13.0 3.0 3.0  
1314 76.97281 13.0 3.0 3.0  
1315 80.05172 13.0 3.0 3.0  
1316 83.13063 13.0 3.0 3.0  
1317 86.20955 13.0 3.0 3.0  
1318 89.28846 13.0 3.0 3.0  
1319 92.36737 13.0 3.0 3.0  
1320 95.44628 13.0 3.0 3.0  
1321 98.52519 13.0 3.0 3.0  
1322 101.60411 13.0 3.0 3.0  
1323 104.68302 13.0 3.0 3.0  
1324 107.76193 13.0 3.0 3.0  
1325 110.84084 13.0 3.0 3.0  
1326 113.91976 13.0 3.0 3.0  
1327 116.99867 13.0 3.0 3.0  
1328 120.07758 13.0 3.0 3.0  
1329 123.15649 13.0 3.0 3.0  
1330 126.23541 13.0 3.0 3.0  
1331 129.31432 13.0 3.0 3.0  
1332 132.39323 13.0 3.0 3.0  
1333 135.47214 13.0 3.0 3.0  
1334 138.55105 13.0 3.0 3.0  
1335 141.62997 13.0 3.0 3.0  
1336 144.70888 13.0 3.0 3.0  
1337 147.78779 13.0 3.0 3.0  
1338 150.8667 13.0 3.0 3.0  
1339 153.94562 13.0 3.0 3.0  
1340 157.02453 13.0 3.0 3.0  
1341 160.10344 13.0 3.0 3.0  
1342 163.18235 13.0 3.0 3.0  
1343 166.26127 13.0 3.0 3.0  
1344 169.34018 13.0 3.0 3.0  
1345 172.41909 13.0 3.0 3.0  
1346 175.498 13.0 3.0 3.0  
1347 178.57691 13.0 3.0 3.0  
1348 181.65583 13.0 3.0 3.0  
1349 184.73474 13.0 3.0 3.0  
1350 187.81365 13.0 3.0 3.0  
1351 190.89256 13.0 3.0 3.0  
1352 193.97148 13.0 3.0 3.0  
1353 197.05039 13.0 3.0 3.0  
1354 200.1293 13.0 3.0 3.0  
1355 203.20821 13.0 3.0 3.0  
1356 206.28713 13.0 3.0 3.0  
1357 209.36604 13.0 3.0 3.0  
1358 212.44495 13.0 3.0 3.0  
1359 215.52386 13.0 3.0 3.0  
1360 218.60277 13.0 3.0 3.0  
1361 221.68169 13.0 3.0 3.0  
1362 224.7606 13.0 3.0 3.0  
1363 227.83951 13.0 3.0 3.0  
1364 230.91842 13.0 3.0 3.0  
1365 233.99734 13.0 3.0 3.0  
1366 237.07625 13.0 3.0 3.0  
1367 240.15516 13.0 3.0 3.0  
1368 243.23407 13.0 3.0 3.0  
1369 246.31299 13.0 3.0 3.0  
1370 249.3919 13.0 3.0 3.0  
1371 252.47081 13.0 3.0 3.0  
1372 255.54972 13.0 3.0 3.0  
1373 258.62864 13.0 3.0 3.0  
1374 261.70755 13.0 3.0 3.0  
1375 264.78646 13.0 3.0 3.0  
1376 267.86537 13.0 3.0 3.0  
1377 270.94428 13.0 3.0 3.0  
1378 274.0232 13.0 3.0 3.0  
1379 277.10211 13.0 3.0 3.0  
1380 280.18102 13.0 3.0 3.0  
1381 283.25993 13.0 3.0 3.0  
1382 286.33885 13.0 3.0 3.0  
1383 289.41776 13.0 3.0 3.0  
1384 292.49667 13.0 3.0 3.0  
1385 295.57558 13.0 3.0 3.0  
1386 298.6545 13.0 3.0 3.0  
1387 301.73341 13.0 3.0 3.0  
1388 304.81232 13.0 3.0 3.0  
1389 307.89123 13.0 3.0 3.0  
1390 310.97014 13.0 3.0 3.0  
1391 314.04906 13.0 3.0 3.0  
1392 317.12797 13.0 3.0 3.0  
1393 320.20688 13.0 3.0 3.0  
1394 323.28579 13.0 3.0 3.0  
1395 326.36471 13.0 3.0 3.0  
1396 329.44362 13.0 3.0 3.0  
1397 332.52253 13.0 3.0 3.0  
1398 335.60144 13.0 3.0 3.0  
1399 338.68036 13.0 3.0 3.0  
1400 341.75927 13.0 3.0 3.0  
1401 344.83818 13.0 3.0 3.0  
1402 347.91709 13.0 3.0 3.0  
1403 350.996 13.0 3.0 3.0  
1404 354.07492 13.0 3.0 3.0  
1405 357.15383 13.0 3.0 3.0  
1406 3.1209 16.0 3.0 3.0  
1407 6.2418 16.0 3.0 3.0  
1408 9.36269 16.0 3.0 3.0  
1409 12.48359 16.0 3.0 3.0  
1410 15.60449 16.0 3.0 3.0  
1411 18.72539 16.0 3.0 3.0  
1412 21.84629 16.0 3.0 3.0  
1413 24.96719 16.0 3.0 3.0  
1414 28.08808 16.0 3.0 3.0  
1415 31.20898 16.0 3.0 3.0  
1416 34.32988 16.0 3.0 3.0  
1417 37.45078 16.0 3.0 3.0  
1418 40.57168 16.0 3.0 3.0  
1419 43.69258 16.0 3.0 3.0  
1420 46.81347 16.0 3.0 3.0  
1421 49.93437 16.0 3.0 3.0  
1422 53.05527 16.0 3.0 3.0  
1423 56.17617 16.0 3.0 3.0  
1424 59.29707 16.0 3.0 3.0  
1425 62.41797 16.0 3.0 3.0  
1426 65.53886 16.0 3.0 3.0  
1427 68.65976 16.0 3.0 3.0  
1428 71.78066 16.0 3.0 3.0  
1429 74.90156 16.0 3.0 3.0  
1430 78.02246 16.0 3.0 3.0  
1431 81.14336 16.0 3.0 3.0  
1432 84.26425 16.0 3.0 3.0  
1433 87.38515 16.0 3.0 3.0  
1434 90.50605 16.0 3.0 3.0  
1435 93.62695 16.0 3.0 3.0  
1436 96.74785 16.0 3.0 3.0  
1437 99.86875 16.0 3.0 3.0  
1438 102.98964 16.0 3.0 3.0  
1439 106.11054 16.0 3.0 3.0  
1440 109.23144 16.0 3.0 3.0  
1441 112.35234 16.0 3.0 3.0  
1442 115.47324 16.0 3.0 3.0  
1443 118.59414 16.0 3.0 3.0  
1444 121.71503 16.0 3.0 3.0  
1445 124.83593 16.0 3.0 3.0  
1446 127.95683 16.0 3.0 3.0  
1447 131.07773 16.0 3.0 3.0  
1448 134.19863 16.0 3.0 3.0  
1449 137.31953 16.0 3.0 3.0  
1450 140.44042 16.0 3.0 3.0  
1451 143.56132 16.0 3.0 3.0  
1452 146.68222 16.0 3.0 3.0  
1453 149.80312 16.0 3.0 3.0  
1454 152.92402 16.0 3.0 3.0  
1455 156.04492 16.0 3.0 3.0  
1456 159.16581 16.0 3.0 3.0  
1457 162.28671 16.0 3.0 3.0  
1458 165.40761 16.0 3.0 3.0  
1459 168.52851 16.0 3.0 3.0  
1460 171.64941 16.0 3.0 3.0  
1461 174.77031 16.0 3.0 3.0  
1462 177.8912 16.0 3.0 3.0  
1463 181.0121 16.0 3.0 3.0  
1464 184.133 16.0 3.0 3.0  
1465 187.2539 16.0 3.0 3.0  
1466 190.3748 16.0 3.0 3.0  
1467 193.4957 16.0 3.0 3.0  
1468 196.61659 16.0 3.0 3.0  
1469 199.73749 16.0 3.0 3.0  
1470 202.85839 16.0 3.0 3.0  
1471 205.97929 16.0 3.0 3.0  
1472 209.10019 16.0 3.0 3.0  
1473 212.22108 16.0 3.0 3.0  
1474 215.34198 16.0 3.0 3.0  
1475 218.46288 16.0 3.0 3.0  
1476 221.58378 16.0 3.0 3.0  
1477 224.70468 16.0 3.0 3.0  
1478 227.82558 16.0 3.0 3.0  
1479 230.94647 16.0 3.0 3.0  
1480 234.06737 16.0 3.0 3.0  
1481 237.18827 16.0 3.0 3.0  
1482 240.30917 16.0 3.0 3.0  
1483 243.43007 16.0 3.0 3.0  
1484 246.55097 16.0 3.0 3.0  
1485 249.67186 16.0 3.0 3.0  
1486 252.79276 16.0 3.0 3.0  
1487 255.91366 16.0 3.0 3.0  
1488 259.03456 16.0 3.0 3.0  
1489 262.15546 16.0 3.0 3.0  
1490 265.27636 16.0 3.0 3.0  
1491 268.39725 16.0 3.0 3.0  
1492 271.51815 16.0 3.0 3.0  
1493 274.63905 16.0 3.0 3.0  
1494 277.75995 16.0 3.0 3.0  
1495 280.88085 16.0 3.0 3.0  
1496 284.00175 16.0 3.0 3.0  
1497 287.12264 16.0 3.0 3.0  
1498 290.24354 16.0 3.0 3.0  
1499 293.36444 16.0 3.0 3.0  
1500 296.48534 16.0 3.0 3.0  
1501 299.60624 16.0 3.0 3.0  
1502 302.72714 16.0 3.0 3.0  
1503 305.84803 16.0 3.0 3.0  
1504 308.96893 16.0 3.0 3.0  
1505 312.08983 16.0 3.0 3.0  
1506 315.21073 16.0 3.0 3.0  
1507 318.33163 16.0 3.0 3.0  
1508 321.45253 16.0 3.0 3.0  
1509 324.57342 16.0 3.0 3.0  
1510 327.69432 16.0 3.0 3.0  
1511 330.81522 16.0 3.0 3.0  
1512 333.93612 16.0 3.0 3.0  
1513 337.05702 16.0 3.0 3.0  
1514 340.17792 16.0 3.0 3.0  
1515 343.29881 16.0 3.0 3.0  
1516 346.41971 16.0 3.0 3.0  
1517 349.54061 16.0 3.0 3.0  
1518 352.66151 16.0 3.0 3.0  
1519 355.78241 16.0 3.0 3.0  
1520 358.90331 16.0 3.0 3.0  
1521 3.17286 19.0 3.0 3.0  
1522 6.34572 19.0 3.0 3.0  
1523 9.51859 19.0 3.0 3.0  
1524 12.69145 19.0 3.0 3.0  
1525 15.86431 19.0 3.0 3.0  
1526 19.03717 19.0 3.0 3.0  
1527 22.21003 19.0 3.0 3.0  
1528 25.3829 19.0 3.0 3.0  
1529 28.55576 19.0 3.0 3.0  
1530 31.72862 19.0 3.0 3.0  
1531 34.90148 19.0 3.0 3.0  
1532 38.07434 19.0 3.0 3.0  
1533 41.24721 19.0 3.0 3.0  
1534 44.42007 19.0 3.0 3.0  
1535 47.59293 19.0 3.0 3.0  
1536 50.76579 19.0 3.0 3.0  
1537 53.93865 19.0 3.0 3.0  
1538 57.11152 19.0 3.0 3.0  
1539 60.28438 19.0 3.0 3.0  
1540 63.45724 19.0 3.0 3.0  
1541 66.6301 19.0 3.0 3.0  
1542 69.80296 19.0 3.0 3.0  
1543 72.97583 19.0 3.0 3.0  
1544 76.14869 19.0 3.0 3.0  
1545 79.32155 19.0 3.0 3.0  
1546 82.49441 19.0 3.0 3.0  
1547 85.66728 19.0 3.0 3.0  
1548 88.84014 19.0 3.0 3.0  
1549 92.013 19.0 3.0 3.0  
1550 95.18586 19.0 3.0 3.0  
1551 98.35872 19.0 3.0 3.0  
1552 101.53159 19.0 3.0 3.0  
1553 104.70445 19.0 3.0 3.0  
1554 107.87731 19.0 3.0 3.0  
1555 111.05017 19.0 3.0 3.0  
1556 114.22303 19.0 3.0 3.0  
1557 117.3959 19.0 3.0 3.0  
1558 120.56876 19.0 3.0 3.0  
1559 123.74162 19.0 3.0 3.0  
1560 126.91448 19.0 3.0 3.0  
1561 130.08734 19.0 3.0 3.0  
1562 133.26021 19.0 3.0 3.0  
1563 136.43307 19.0 3.0 3.0  
1564 139.60593 19.0 3.0 3.0  
1565 142.77879 19.0 3.0 3.0  
1566 145.95165 19.0 3.0 3.0  
1567 149.12452 19.0 3.0 3.0  
1568 152.29738 19.0 3.0 3.0  
1569 155.47024 19.0 3.0 3.0  
1570 158.6431 19.0 3.0 3.0  
1571 161.81596 19.0 3.0 3.0  
1572 164.98883 19.0 3.0 3.0  
1573 168.16169 19.0 3.0 3.0  
1574 171.33455 19.0 3.0 3.0  
1575 174.50741 19.0 3.0 3.0  
1576 177.68027 19.0 3.0 3.0  
1577 180.85314 19.0 3.0 3.0  
1578 184.026 19.0 3.0 3.0  
1579 187.19886 19.0 3.0 3.0  
1580 190.37172 19.0 3.0 3.0  
1581 193.54458 19.0 3.0 3.0  
1582 196.71745 19.0 3.0 3.0  
1583 199.89031 19.0 3.0 3.0  
1584 203.06317 19.0 3.0 3.0  
1585 206.23603 19.0 3.0 3.0  
1586 209.40889 19.0 3.0 3.0  
1587 212.58176 19.0 3.0 3.0  
1588 215.75462 19.0 3.0 3.0  
1589 218.92748 19.0 3.0 3.0  
1590 222.10034 19.0 3.0 3.0  
1591 225.27321 19.0 3.0 3.0  
1592 228.44607 19.0 3.0 3.0  
1593 231.61893 19.0 3.0 3.0  
1594 234.79179 19.0 3.0 3.0  
1595 237.96465 19.0 3.0 3.0  
1596 241.13752 19.0 3.0 3.0  
1597 244.31038 19.0 3.0 3.0  
1598 247.48324 19.0 3.0 3.0  
1599 250.6561 19.0 3.0 3.0  
1600 253.82896 19.0 3.0 3.0  
1601 257.00183 19.0 3.0 3.0  
1602 260.17469 19.0 3.0 3.0  
1603 263.34755 19.0 3.0 3.0  
1604 266.52041 19.0 3.0 3.0  
1605 269.69327 19.0 3.0 3.0  
1606 272.86614 19.0 3.0 3.0  
1607 276.039 19.0 3.0 3.0  
1608 279.21186 19.0 3.0 3.0  
1609 282.38472 19.0 3.0 3.0  
1610 285.55758 19.0 3.0 3.0  
1611 288.73045 19.0 3.0 3.0  
1612 291.90331 19.0 3.0 3.0  
1613 295.07617 19.0 3.0 3.0  
1614 298.24903 19.0 3.0 3.0  
1615 301.42189 19.0 3.0 3.0  
1616 304.59476 19.0 3.0 3.0  
1617 307.76762 19.0 3.0 3.0  
1618 310.94048 19.0 3.0 3.0  
1619 314.11334 19.0 3.0 3.0  
1620 317.2862 19.0 3.0 3.0  
1621 320.45907 19.0 3.0 3.0  
1622 323.63193 19.0 3.0 3.0  
1623 326.80479 19.0 3.0 3.0  
1624 329.97765 19.0 3.0 3.0  
1625 333.15051 19.0 3.0 3.0  
1626 336.32338 19.0 3.0 3.0  
1627 339.49624 19.0 3.0 3.0  
1628 342.6691 19.0 3.0 3.0  
1629 345.84196 19.0 3.0 3.0  
1630 349.01482 19.0 3.0 3.0  
1631 352.18769 19.0 3.0 3.0  
1632 355.36055 19.0 3.0 3.0  
1633 358.53341 19.0 3.0 3.0  
1634 3.2356 22.0 3.0 3.0  
1635 6.47121 22.0 3.0 3.0  
1636 9.70681 22.0 3.0 3.0  
1637 12.94242 22.0 3.0 3.0  
1638 16.17802 22.0 3.0 3.0  
1639 19.41363 22.0 3.0 3.0  
1640 22.64923 22.0 3.0 3.0  
1641 25.88483 22.0 3.0 3.0  
1642 29.12044 22.0 3.0 3.0  
1643 32.35604 22.0 3.0 3.0  
1644 35.59165 22.0 3.0 3.0  
1645 38.82725 22.0 3.0 3.0  
1646 42.06285 22.0 3.0 3.0  
1647 45.29846 22.0 3.0 3.0  
1648 48.53406 22.0 3.0 3.0  
1649 51.76967 22.0 3.0 3.0  
1650 55.00527 22.0 3.0 3.0  
1651 58.24088 22.0 3.0 3.0  
1652 61.47648 22.0 3.0 3.0  
1653 64.71208 22.0 3.0 3.0  
1654 67.94769 22.0 3.0 3.0  
1655 71.18329 22.0 3.0 3.0  
1656 74.4189 22.0 3.0 3.0  
1657 77.6545 22.0 3.0 3.0  
1658 80.89011 22.0 3.0 3.0  
1659 84.12571 22.0 3.0 3.0  
1660 87.36131 22.0 3.0 3.0  
1661 90.59692 22.0 3.0 3.0  
1662 93.83252 22.0 3.0 3.0  
1663 97.06813 22.0 3.0 3.0  
1664 100.30373 22.0 3.0 3.0  
1665 103.53934 22.0 3.0 3.0  
1666 106.77494 22.0 3.0 3.0  
1667 110.01054 22.0 3.0 3.0  
1668 113.24615 22.0 3.0 3.0  
1669 116.48175 22.0 3.0 3.0  
1670 119.71736 22.0 3.0 3.0  
1671 122.95296 22.0 3.0 3.0  
1672 126.18856 22.0 3.0 3.0  
1673 129.42417 22.0 3.0 3.0  
1674 132.65977 22.0 3.0 3.0  
1675 135.89538 22.0 3.0 3.0  
1676 139.13098 22.0 3.0 3.0  
1677 142.36659 22.0 3.0 3.0  
1678 145.60219 22.0 3.0 3.0  
1679 148.83779 22.0 3.0 3.0  
1680 152.0734 22.0 3.0 3.0  
1681 155.309 22.0 3.0 3.0  
1682 158.54461 22.0 3.0 3.0  
1683 161.78021 22.0 3.0 3.0  
1684 165.01582 22.0 3.0 3.0  
1685 168.25142 22.0 3.0 3.0  
1686 171.48702 22.0 3.0 3.0  
1687 174.72263 22.0 3.0 3.0  
1688 177.95823 22.0 3.0 3.0  
1689 181.19384 22.0 3.0 3.0  
1690 184.42944 22.0 3.0 3.0  
1691 187.66505 22.0 3.0 3.0  
1692 190.90065 22.0 3.0 3.0  
1693 194.13625 22.0 3.0 3.0  
1694 197.37186 22.0 3.0 3.0  
1695 200.60746 22.0 3.0 3.0  
1696 203.84307 22.0 3.0 3.0  
1697 207.07867 22.0 3.0 3.0  
1698 210.31427 22.0 3.0 3.0  
1699 213.54988 22.0 3.0 3.0  
1700 216.78548 22.0 3.0 3.0  
1701 220.02109 22.0 3.0 3.0  
1702 223.25669 22.0 3.0 3.0  
1703 226.4923 22.0 3.0 3.0  
1704 229.7279 22.0 3.0 3.0  
1705 232.9635 22.0 3.0 3.0  
1706 236.19911 22.0 3.0 3.0  
1707 239.43471 22.0 3.0 3.0  
1708 242.67032 22.0 3.0 3.0  
1709 245.90592 22.0 3.0 3.0  
1710 249.14153 22.0 3.0 3.0  
1711 252.37713 22.0 3.0 3.0  
1712 255.61273 22.0 3.0 3.0  
1713 258.84834 22.0 3.0 3.0  
1714 262.08394 22.0 3.0 3.0  
1715 265.31955 22.0 3.0 3.0  
1716 268.55515 22.0 3.0 3.0  
1717 271.79076 22.0 3.0 3.0  
1718 275.02636 22.0 3.0 3.0  
1719 278.26196 22.0 3.0 3.0  
1720 281.49757 22.0 3.0 3.0  
1721 284.73317 22.0 3.0 3.0  
1722 287.96878 22.0 3.0 3.0  
1723 291.20438 22.0 3.0 3.0  
1724 294.43998 22.0 3.0 3.0  
1725 297.67559 22.0 3.0 3.0  
1726 300.91119 22.0 3.0 3.0  
1727 304.1468 22.0 3.0 3.0  
1728 307.3824 22.0 3.0 3.0  
1729 310.61801 22.0 3.0 3.0  
1730 313.85361 22.0 3.0 3.0  
1731 317.08921 22.0 3.0 3.0  
1732 320.32482 22.0 3.0 3.0  
1733 323.56042 22.0 3.0 3.0  
1734 326.79603 22.0 3.0 3.0  
1735 330.03163 22.0 3.0 3.0  
1736 333.26724 22.0 3.0 3.0  
1737 336.50284 22.0 3.0 3.0  
1738 339.73844 22.0 3.0 3.0  
1739 342.97405 22.0 3.0 3.0  
1740 346.20965 22.0 3.0 3.0  
1741 349.44526 22.0 3.0 3.0  
1742 352.68086 22.0 3.0 3.0  
1743 355.91647 22.0 3.0 3.0  
1744 359.15207 22.0 3.0 3.0  
1745 3.31013 25.0 3.0 3.0  
1746 6.62027 25.0 3.0 3.0  
1747 9.9304 25.0 3.0 3.0  
1748 13.24054 25.0 3.0 3.0  
1749 16.55067 25.0 3.0 3.0  
1750 19.8608 25.0 3.0 3.0  
1751 23.17094 25.0 3.0 3.0  
1752 26.48107 25.0 3.0 3.0  
1753 29.7912 25.0 3.0 3.0  
1754 33.10134 25.0 3.0 3.0  
1755 36.41147 25.0 3.0 3.0  
1756 39.72161 25.0 3.0 3.0  
1757 43.03174 25.0 3.0 3.0  
1758 46.34187 25.0 3.0 3.0  
1759 49.65201 25.0 3.0 3.0  
1760 52.96214 25.0 3.0 3.0  
1761 56.27227 25.0 3.0 3.0  
1762 59.58241 25.0 3.0 3.0  
1763 62.89254 25.0 3.0 3.0  
1764 66.20268 25.0 3.0 3.0  
1765 69.51281 25.0 3.0 3.0  
1766 72.82294 25.0 3.0 3.0  
1767 76.13308 25.0 3.0 3.0  
1768 79.44321 25.0 3.0 3.0  
1769 82.75334 25.0 3.0 3.0  
1770 86.06348 25.0 3.0 3.0  
1771 89.37361 25.0 3.0 3.0  
1772 92.68375 25.0 3.0 3.0  
1773 95.99388 25.0 3.0 3.0  
1774 99.30401 25.0 3.0 3.0  
1775 102.61415 25.0 3.0 3.0  
1776 105.92428 25.0 3.0 3.0  
1777 109.23441 25.0 3.0 3.0  
1778 112.54455 25.0 3.0 3.0  
1779 115.85468 25.0 3.0 3.0  
1780 119.16482 25.0 3.0 3.0  
1781 122.47495 25.0 3.0 3.0  
1782 125.78508 25.0 3.0 3.0  
1783 129.09522 25.0 3.0 3.0  
1784 132.40535 25.0 3.0 3.0  
1785 135.71548 25.0 3.0 3.0  
1786 139.02562 25.0 3.0 3.0  
1787 142.33575 25.0 3.0 3.0  
1788 145.64589 25.0 3.0 3.0  
1789 148.95602 25.0 3.0 3.0  
1790 152.26615 25.0 3.0 3.0  
1791 155.57629 25.0 3.0 3.0  
1792 158.88642 25.0 3.0 3.0  
1793 162.19655 25.0 3.0 3.0  
1794 165.50669 25.0 3.0 3.0  
1795 168.81682 25.0 3.0 3.0  
1796 172.12696 25.0 3.0 3.0  
1797 175.43709 25.0 3.0 3.0  
1798 178.74722 25.0 3.0 3.0  
1799 182.05736 25.0 3.0 3.0  
1800 185.36749 25.0 3.0 3.0  
1801 188.67762 25.0 3.0 3.0  
1802 191.98776 25.0 3.0 3.0  
1803 195.29789 25.0 3.0 3.0  
1804 198.60803 25.0 3.0 3.0  
1805 201.91816 25.0 3.0 3.0  
1806 205.22829 25.0 3.0 3.0  
1807 208.53843 25.0 3.0 3.0  
1808 211.84856 25.0 3.0 3.0  
1809 215.15869 25.0 3.0 3.0  
1810 218.46883 25.0 3.0 3.0  
1811 221.77896 25.0 3.0 3.0  
1812 225.0891 25.0 3.0 3.0  
1813 228.39923 25.0 3.0 3.0  
1814 231.70936 25.0 3.0 3.0  
1815 235.0195 25.0 3.0 3.0  
1816 238.32963 25.0 3.0 3.0  
1817 241.63976 25.0 3.0 3.0  
1818 244.9499 25.0 3.0 3.0  
1819 248.26003 25.0 3.0 3.0  
1820 251.57017 25.0 3.0 3.0  
1821 254.8803 25.0 3.0 3.0  
1822 258.19043 25.0 3.0 3.0  
1823 261.50057 25.0 3.0 3.0  
1824 264.8107 25.0 3.0 3.0  
1825 268.12083 25.0 3.0 3.0  
1826 271.43097 25.0 3.0 3.0  
1827 274.7411 25.0 3.0 3.0  
1828 278.05124 25.0 3.0 3.0  
1829 281.36137 25.0 3.0 3.0  
1830 284.6715 25.0 3.0 3.0  
1831 287.98164 25.0 3.0 3.0  
1832 291.29177 25.0 3.0 3.0  
1833 294.6019 25.0 3.0 3.0  
1834 297.91204 25.0 3.0 3.0  
1835 301.22217 25.0 3.0 3.0  
1836 304.53231 25.0 3.0 3.0  
1837 307.84244 25.0 3.0 3.0  
1838 311.15257 25.0 3.0 3.0  
1839 314.46271 25.0 3.0 3.0  
1840 317.77284 25.0 3.0 3.0  
1841 321.08297 25.0 3.0 3.0  
1842 324.39311 25.0 3.0 3.0  
1843 327.70324 25.0 3.0 3.0  
1844 331.01338 25.0 3.0 3.0  
1845 334.32351 25.0 3.0 3.0  
1846 337.63364 25.0 3.0 3.0  
1847 340.94378 25.0 3.0 3.0  
1848 344.25391 25.0 3.0 3.0  
1849 347.56404 25.0 3.0 3.0  
1850 350.87418 25.0 3.0 3.0  
1851 354.18431 25.0 3.0 3.0  
1852 357.49445 25.0 3.0 3.0  
1853 3.39771 28.0 3.0 3.0  
1854 6.79542 28.0 3.0 3.0  
1855 10.19313 28.0 3.0 3.0  
1856 13.59084 28.0 3.0 3.0  
1857 16.98855 28.0 3.0 3.0  
1858 20.38626 28.0 3.0 3.0  
1859 23.78397 28.0 3.0 3.0  
1860 27.18168 28.0 3.0 3.0  
1861 30.57939 28.0 3.0 3.0  
1862 33.9771 28.0 3.0 3.0  
1863 37.37481 28.0 3.0 3.0  
1864 40.77252 28.0 3.0 3.0  
1865 44.17023 28.0 3.0 3.0  
1866 47.56794 28.0 3.0 3.0  
1867 50.96565 28.0 3.0 3.0  
1868 54.36336 28.0 3.0 3.0  
1869 57.76107 28.0 3.0 3.0  
1870 61.15878 28.0 3.0 3.0  
1871 64.55649 28.0 3.0 3.0  
1872 67.9542 28.0 3.0 3.0  
1873 71.35191 28.0 3.0 3.0  
1874 74.74962 28.0 3.0 3.0  
1875 78.14733 28.0 3.0 3.0  
1876 81.54504 28.0 3.0 3.0  
1877 84.94275 28.0 3.0 3.0  
1878 88.34046 28.0 3.0 3.0  
1879 91.73817 28.0 3.0 3.0  
1880 95.13588 28.0 3.0 3.0  
1881 98.53359 28.0 3.0 3.0  
1882 101.9313 28.0 3.0 3.0  
1883 105.32901 28.0 3.0 3.0  
1884 108.72672 28.0 3.0 3.0  
1885 112.12444 28.0 3.0 3.0  
1886 115.52215 28.0 3.0 3.0  
1887 118.91986 28.0 3.0 3.0  
1888 122.31757 28.0 3.0 3.0  
1889 125.71528 28.0 3.0 3.0  
1890 129.11299 28.0 3.0 3.0  
1891 132.5107 28.0 3.0 3.0  
1892 135.90841 28.0 3.0 3.0  
1893 139.30612 28.0 3.0 3.0  
1894 142.70383 28.0 3.0 3.0  
1895 146.10154 28.0 3.0 3.0  
1896 149.49925 28.0 3.0 3.0  
1897 152.89696 28.0 3.0 3.0  
1898 156.29467 28.0 3.0 3.0  
1899 159.69238 28.0 3.0 3.0  
1900 163.09009 28.0 3.0 3.0  
1901 166.4878 28.0 3.0 3.0  
1902 169.88551 28.0 3.0 3.0  
1903 173.28322 28.0 3.0 3.0  
1904 176.68093 28.0 3.0 3.0  
1905 180.07864 28.0 3.0 3.0  
1906 183.47635 28.0 3.0 3.0  
1907 186.87406 28.0 3.0 3.0  
1908 190.27177 28.0 3.0 3.0  
1909 193.66948 28.0 3.0 3.0  
1910 197.06719 28.0 3.0 3.0  
1911 200.4649 28.0 3.0 3.0  
1912 203.86261 28.0 3.0 3.0  
1913 207.26032 28.0 3.0 3.0  
1914 210.65803 28.0 3.0 3.0  
1915 214.05574 28.0 3.0 3.0  
1916 217.45345 28.0 3.0 3.0  
1917 220.85116 28.0 3.0 3.0  
1918 224.24887 28.0 3.0 3.0  
1919 227.64658 28.0 3.0 3.0  
1920 231.04429 28.0 3.0 3.0  
1921 234.442 28.0 3.0 3.0  
1922 237.83971 28.0 3.0 3.0  
1923 241.23742 28.0 3.0 3.0  
1924 244.63513 28.0 3.0 3.0  
1925 248.03284 28.0 3.0 3.0  
1926 251.43055 28.0 3.0 3.0  
1927 254.82826 28.0 3.0 3.0  
1928 258.22597 28.0 3.0 3.0  
1929 261.62368 28.0 3.0 3.0  
1930 265.02139 28.0 3.0 3.0  
1931 268.4191 28.0 3.0 3.0  
1932 271.81681 28.0 3.0 3.0  
1933 275.21452 28.0 3.0 3.0  
1934 278.61223 28.0 3.0 3.0  
1935 282.00994 28.0 3.0 3.0  
1936 285.40765 28.0 3.0 3.0  
1937 288.80536 28.0 3.0 3.0  
1938 292.20307 28.0 3.0 3.0  
1939 295.60078 28.0 3.0 3.0  
1940 298.99849 28.0 3.0 3.0  
1941 302.3962 28.0 3.0 3.0  
1942 305.79391 28.0 3.0 3.0  
1943 309.19162 28.0 3.0 3.0  
1944 312.58933 28.0 3.0 3.0  
1945 315.98704 28.0 3.0 3.0  
1946 319.38475 28.0 3.0 3.0  
1947 322.78246 28.0 3.0 3.0  
1948 326.18017 28.0 3.0 3.0  
1949 329.57788 28.0 3.0 3.0  
1950 332.97559 28.0 3.0 3.0  
1951 336.37331 28.0 3.0 3.0  
1952 339.77102 28.0 3.0 3.0  
1953 343.16873 28.0 3.0 3.0  
1954 346.56644 28.0 3.0 3.0  
1955 349.96415 28.0 3.0 3.0  
1956 353.36186 28.0 3.0 3.0  
1957 356.75957 28.0 3.0 3.0  
1958 3.4999 31.0 3.0 3.0  
1959 6.9998 31.0 3.0 3.0  
1960 10.4997 31.0 3.0 3.0  
1961 13.9996 31.0 3.0 3.0  
1962 17.4995 31.0 3.0 3.0  
1963 20.9994 31.0 3.0 3.0  
1964 24.4993 31.0 3.0 3.0  
1965 27.9992 31.0 3.0 3.0  
1966 31.4991 31.0 3.0 3.0  
1967 34.999 31.0 3.0 3.0  
1968 38.4989 31.0 3.0 3.0  
1969 41.9988 31.0 3.0 3.0  
1970 45.4987 31.0 3.0 3.0  
1971 48.9986 31.0 3.0 3.0  
1972 52.4985 31.0 3.0 3.0  
1973 55.9984 31.0 3.0 3.0  
1974 59.4983 31.0 3.0 3.0  
1975 62.9982 31.0 3.0 3.0  
1976 66.4981 31.0 3.0 3.0  
1977 69.998 31.0 3.0 3.0  
1978 73.4979 31.0 3.0 3.0  
1979 76.9978 31.0 3.0 3.0  
1980 80.4977 31.0 3.0 3.0  
1981 83.9976 31.0 3.0 3.0  
1982 87.4975 31.0 3.0 3.0  
1983 90.9974 31.0 3.0 3.0  
1984 94.49731 31.0 3.0 3.0  
1985 97.99721 31.0 3.0 3.0  
1986 101.49711 31.0 3.0 3.0  
1987 104.99701 31.0 3.0 3.0  
1988 108.49691 31.0 3.0 3.0  
1989 111.99681 31.0 3.0 3.0  
1990 115.49671 31.0 3.0 3.0  
1991 118.99661 31.0 3.0 3.0  
1992 122.49651 31.0 3.0 3.0  
1993 125.99641 31.0 3.0 3.0  
1994 129.49631 31.0 3.0 3.0  
1995 132.99621 31.0 3.0 3.0  
1996 136.49611 31.0 3.0 3.0  
1997 139.99601 31.0 3.0 3.0  
1998 143.49591 31.0 3.0 3.0  
1999 146.99581 31.0 3.0 3.0  
2000 150.49571 31.0 3.0 3.0  
2001 153.99561 31.0 3.0 3.0  
2002 157.49551 31.0 3.0 3.0  
2003 160.99541 31.0 3.0 3.0  
2004 164.49531 31.0 3.0 3.0  
2005 167.99521 31.0 3.0 3.0  
2006 171.49511 31.0 3.0 3.0  
2007 174.99501 31.0 3.0 3.0  
2008 178.49491 31.0 3.0 3.0  
2009 181.99481 31.0 3.0 3.0  
2010 185.49471 31.0 3.0 3.0  
2011 188.99461 31.0 3.0 3.0  
2012 192.49451 31.0 3.0 3.0  
2013 195.99441 31.0 3.0 3.0  
2014 199.49431 31.0 3.0 3.0  
2015 202.99421 31.0 3.0 3.0  
2016 206.49411 31.0 3.0 3.0  
2017 209.99401 31.0 3.0 3.0  
2018 213.49391 31.0 3.0 3.0  
2019 216.99381 31.0 3.0 3.0  
2020 220.49371 31.0 3.0 3.0  
2021 223.99361 31.0 3.0 3.0  
2022 227.49351 31.0 3.0 3.0  
2023 230.99341 31.0 3.0 3.0  
2024 234.49331 31.0 3.0 3.0  
2025 237.99321 31.0 3.0 3.0  
2026 241.49311 31.0 3.0 3.0  
2027 244.99301 31.0 3.0 3.0  
2028 248.49291 31.0 3.0 3.0  
2029 251.99281 31.0 3.0 3.0  
2030 255.49271 31.0 3.0 3.0  
2031 258.99261 31.0 3.0 3.0  
2032 262.49251 31.0 3.0 3.0  
2033 265.99241 31.0 3.0 3.0  
2034 269.49231 31.0 3.0 3.0  
2035 272.99221 31.0 3.0 3.0  
2036 276.49212 31.0 3.0 3.0  
2037 279.99202 31.0 3.0 3.0  
2038 283.49192 31.0 3.0 3.0  
2039 286.99182 31.0 3.0 3.0  
2040 290.49172 31.0 3.0 3.0  
2041 293.99162 31.0 3.0 3.0  
2042 297.49152 31.0 3.0 3.0  
2043 300.99142 31.0 3.0 3.0  
2044 304.49132 31.0 3.0 3.0  
2045 307.99122 31.0 3.0 3.0  
2046 311.49112 31.0 3.0 3.0  
2047 314.99102 31.0 3.0 3.0  
2048 318.49092 31.0 3.0 3.0  
2049 321.99082 31.0 3.0 3.0  
2050 325.49072 31.0 3.0 3.0  
2051 328.99062 31.0 3.0 3.0  
2052 332.49052 31.0 3.0 3.0  
2053 335.99042 31.0 3.0 3.0  
2054 339.49032 31.0 3.0 3.0  
2055 342.99022 31.0 3.0 3.0  
2056 346.49012 31.0 3.0 3.0  
2057 349.99002 31.0 3.0 3.0  
2058 353.48992 31.0 3.0 3.0  
2059 356.98982 31.0 3.0 3.0  
2060 3.61865 34.0 3.0 3.0  
2061 7.23731 34.0 3.0 3.0  
2062 10.85596 34.0 3.0 3.0  
2063 14.47462 34.0 3.0 3.0  
2064 18.09327 34.0 3.0 3.0  
2065 21.71192 34.0 3.0 3.0  
2066 25.33058 34.0 3.0 3.0  
2067 28.94923 34.0 3.0 3.0  
2068 32.56788 34.0 3.0 3.0  
2069 36.18654 34.0 3.0 3.0  
2070 39.80519 34.0 3.0 3.0  
2071 43.42385 34.0 3.0 3.0  
2072 47.0425 34.0 3.0 3.0  
2073 50.66115 34.0 3.0 3.0  
2074 54.27981 34.0 3.0 3.0  
2075 57.89846 34.0 3.0 3.0  
2076 61.51712 34.0 3.0 3.0  
2077 65.13577 34.0 3.0 3.0  
2078 68.75442 34.0 3.0 3.0  
2079 72.37308 34.0 3.0 3.0  
2080 75.99173 34.0 3.0 3.0  
2081 79.61038 34.0 3.0 3.0  
2082 83.22904 34.0 3.0 3.0  
2083 86.84769 34.0 3.0 3.0  
2084 90.46635 34.0 3.0 3.0  
2085 94.085 34.0 3.0 3.0  
2086 97.70365 34.0 3.0 3.0  
2087 101.32231 34.0 3.0 3.0  
2088 104.94096 34.0 3.0 3.0  
2089 108.55962 34.0 3.0 3.0  
2090 112.17827 34.0 3.0 3.0  
2091 115.79692 34.0 3.0 3.0  
2092 119.41558 34.0 3.0 3.0  
2093 123.03423 34.0 3.0 3.0  
2094 126.65288 34.0 3.0 3.0  
2095 130.27154 34.0 3.0 3.0  
2096 133.89019 34.0 3.0 3.0  
2097 137.50885 34.0 3.0 3.0  
2098 141.1275 34.0 3.0 3.0  
2099 144.74615 34.0 3.0 3.0  
2100 148.36481 34.0 3.0 3.0  
2101 151.98346 34.0 3.0 3.0  
2102 155.60212 34.0 3.0 3.0  
2103 159.22077 34.0 3.0 3.0  
2104 162.83942 34.0 3.0 3.0  
2105 166.45808 34.0 3.0 3.0  
2106 170.07673 34.0 3.0 3.0  
2107 173.69538 34.0 3.0 3.0  
2108 177.31404 34.0 3.0 3.0  
2109 180.93269 34.0 3.0 3.0  
2110 184.55135 34.0 3.0 3.0  
2111 188.17 34.0 3.0 3.0  
2112 191.78865 34.0 3.0 3.0  
2113 195.40731 34.0 3.0 3.0  
2114 199.02596 34.0 3.0 3.0  
2115 202.64462 34.0 3.0 3.0  
2116 206.26327 34.0 3.0 3.0  
2117 209.88192 34.0 3.0 3.0  
2118 213.50058 34.0 3.0 3.0  
2119 217.11923 34.0 3.0 3.0  
2120 220.73788 34.0 3.0 3.0  
2121 224.35654 34.0 3.0 3.0  
2122 227.97519 34.0 3.0 3.0  
2123 231.59385 34.0 3.0 3.0  
2124 235.2125 34.0 3.0 3.0  
2125 238.83115 34.0 3.0 3.0  
2126 242.44981 34.0 3.0 3.0  
2127 246.06846 34.0 3.0 3.0  
2128 249.68712 34.0 3.0 3.0  
2129 253.30577 34.0 3.0 3.0  
2130 256.92442 34.0 3.0 3.0  
2131 260.54308 34.0 3.0 3.0  
2132 264.16173 34.0 3.0 3.0  
2133 267.78038 34.0 3.0 3.0  
2134 271.39904 34.0 3.0 3.0  
2135 275.01769 34.0 3.0 3.0  
2136 278.63635 34.0 3.0 3.0  
2137 282.255 34.0 3.0 3.0  
2138 285.87365 34.0 3.0 3.0  
2139 289.49231 34.0 3.0 3.0  
2140 293.11096 34.0 3.0 3.0  
2141 296.72962 34.0 3.0 3.0  
2142 300.34827 34.0 3.0 3.0  
2143 303.96692 34.0 3.0 3.0  
2144 307.58558 34.0 3.0 3.0  
2145 311.20423 34.0 3.0 3.0  
2146 314.82288 34.0 3.0 3.0  
2147 318.44154 34.0 3.0 3.0  
2148 322.06019 34.0 3.0 3.0  
2149 325.67885 34.0 3.0 3.0  
2150 329.2975 34.0 3.0 3.0  
2151 332.91615 34.0 3.0 3.0  
2152 336.53481 34.0 3.0 3.0  
2153 340.15346 34.0 3.0 3.0  
2154 343.77212 34.0 3.0 3.0  
2155 347.39077 34.0 3.0 3.0  
2156 351.00942 34.0 3.0 3.0  
2157 354.62808 34.0 3.0 3.0  
2158 358.24673 34.0 3.0 3.0  
2159 3.75641 37.0 3.0 3.0  
2160 7.51281 37.0 3.0 3.0  
2161 11.26922 37.0 3.0 3.0  
2162 15.02563 37.0 3.0 3.0  
2163 18.78203 37.0 3.0 3.0  
2164 22.53844 37.0 3.0 3.0  
2165 26.29485 37.0 3.0 3.0  
2166 30.05126 37.0 3.0 3.0  
2167 33.80766 37.0 3.0 3.0  
2168 37.56407 37.0 3.0 3.0  
2169 41.32048 37.0 3.0 3.0  
2170 45.07688 37.0 3.0 3.0  
2171 48.83329 37.0 3.0 3.0  
2172 52.5897 37.0 3.0 3.0  
2173 56.3461 37.0 3.0 3.0  
2174 60.10251 37.0 3.0 3.0  
2175 63.85892 37.0 3.0 3.0  
2176 67.61533 37.0 3.0 3.0  
2177 71.37173 37.0 3.0 3.0  
2178 75.12814 37.0 3.0 3.0  
2179 78.88455 37.0 3.0 3.0  
2180 82.64095 37.0 3.0 3.0  
2181 86.39736 37.0 3.0 3.0  
2182 90.15377 37.0 3.0 3.0  
2183 93.91017 37.0 3.0 3.0  
2184 97.66658 37.0 3.0 3.0  
2185 101.42299 37.0 3.0 3.0  
2186 105.1794 37.0 3.0 3.0  
2187 108.9358 37.0 3.0 3.0  
2188 112.69221 37.0 3.0 3.0  
2189 116.44862 37.0 3.0 3.0  
2190 120.20502 37.0 3.0 3.0  
2191 123.96143 37.0 3.0 3.0  
2192 127.71784 37.0 3.0 3.0  
2193 131.47424 37.0 3.0 3.0  
2194 135.23065 37.0 3.0 3.0  
2195 138.98706 37.0 3.0 3.0  
2196 142.74347 37.0 3.0 3.0  
2197 146.49987 37.0 3.0 3.0  
2198 150.25628 37.0 3.0 3.0  
2199 154.01269 37.0 3.0 3.0  
2200 157.76909 37.0 3.0 3.0  
2201 161.5255 37.0 3.0 3.0  
2202 165.28191 37.0 3.0 3.0  
2203 169.03831 37.0 3.0 3.0  
2204 172.79472 37.0 3.0 3.0  
2205 176.55113 37.0 3.0 3.0  
2206 180.30753 37.0 3.0 3.0  
2207 184.06394 37.0 3.0 3.0  
2208 187.82035 37.0 3.0 3.0  
2209 191.57676 37.0 3.0 3.0  
2210 195.33316 37.0 3.0 3.0  
2211 199.08957 37.0 3.0 3.0  
2212 202.84598 37.0 3.0 3.0  
2213 206.60238 37.0 3.0 3.0  
2214 210.35879 37.0 3.0 3.0  
2215 214.1152 37.0 3.0 3.0  
2216 217.8716 37.0 3.0 3.0  
2217 221.62801 37.0 3.0 3.0  
2218 225.38442 37.0 3.0 3.0  
2219 229.14083 37.0 3.0 3.0  
2220 232.89723 37.0 3.0 3.0  
2221 236.65364 37.0 3.0 3.0  
2222 240.41005 37.0 3.0 3.0  
2223 244.16645 37.0 3.0 3.0  
2224 247.92286 37.0 3.0 3.0  
2225 251.67927 37.0 3.0 3.0  
2226 255.43567 37.0 3.0 3.0  
2227 259.19208 37.0 3.0 3.0  
2228 262.94849 37.0 3.0 3.0  
2229 266.7049 37.0 3.0 3.0  
2230 270.4613 37.0 3.0 3.0  
2231 274.21771 37.0 3.0 3.0  
2232 277.97412 37.0 3.0 3.0  
2233 281.73052 37.0 3.0 3.0  
2234 285.48693 37.0 3.0 3.0  
2235 289.24334 37.0 3.0 3.0  
2236 292.99974 37.0 3.0 3.0  
2237 296.75615 37.0 3.0 3.0  
2238 300.51256 37.0 3.0 3.0  
2239 304.26896 37.0 3.0 3.0  
2240 308.02537 37.0 3.0 3.0  
2241 311.78178 37.0 3.0 3.0  
2242 315.53819 37.0 3.0 3.0  
2243 319.29459 37.0 3.0 3.0  
2244 323.051 37.0 3.0 3.0  
2245 326.80741 37.0 3.0 3.0  
2246 330.56381 37.0 3.0 3.0  
2247 334.32022 37.0 3.0 3.0  
2248 338.07663 37.0 3.0 3.0  
2249 341.83303 37.0 3.0 3.0  
2250 345.58944 37.0 3.0 3.0  
2251 349.34585 37.0 3.0 3.0  
2252 353.10226 37.0 3.0 3.0  
2253 356.85866 37.0 3.0 3.0  
2254 3.91622 40.0 3.0 3.0  
2255 7.83244 40.0 3.0 3.0  
2256 11.74867 40.0 3.0 3.0  
2257 15.66489 40.0 3.0 3.0  
2258 19.58111 40.0 3.0 3.0  
2259 23.49733 40.0 3.0 3.0  
2260 27.41355 40.0 3.0 3.0  
2261 31.32977 40.0 3.0 3.0  
2262 35.246 40.0 3.0 3.0  
2263 39.16222 40.0 3.0 3.0  
2264 43.07844 40.0 3.0 3.0  
2265 46.99466 40.0 3.0 3.0  
2266 50.91088 40.0 3.0 3.0  
2267 54.82711 40.0 3.0 3.0  
2268 58.74333 40.0 3.0 3.0  
2269 62.65955 40.0 3.0 3.0  
2270 66.57577 40.0 3.0 3.0  
2271 70.49199 40.0 3.0 3.0  
2272 74.40822 40.0 3.0 3.0  
2273 78.32444 40.0 3.0 3.0  
2274 82.24066 40.0 3.0 3.0  
2275 86.15688 40.0 3.0 3.0  
2276 90.0731 40.0 3.0 3.0  
2277 93.98932 40.0 3.0 3.0  
2278 97.90555 40.0 3.0 3.0  
2279 101.82177 40.0 3.0 3.0  
2280 105.73799 40.0 3.0 3.0  
2281 109.65421 40.0 3.0 3.0  
2282 113.57043 40.0 3.0 3.0  
2283 117.48666 40.0 3.0 3.0  
2284 121.40288 40.0 3.0 3.0  
2285 125.3191 40.0 3.0 3.0  
2286 129.23532 40.0 3.0 3.0  
2287 133.15154 40.0 3.0 3.0  
2288 137.06777 40.0 3.0 3.0  
2289 140.98399 40.0 3.0 3.0  
2290 144.90021 40.0 3.0 3.0  
2291 148.81643 40.0 3.0 3.0  
2292 152.73265 40.0 3.0 3.0  
2293 156.64887 40.0 3.0 3.0  
2294 160.5651 40.0 3.0 3.0  
2295 164.48132 40.0 3.0 3.0  
2296 168.39754 40.0 3.0 3.0  
2297 172.31376 40.0 3.0 3.0  
2298 176.22998 40.0 3.0 3.0  
2299 180.14621 40.0 3.0 3.0  
2300 184.06243 40.0 3.0 3.0  
2301 187.97865 40.0 3.0 3.0  
2302 191.89487 40.0 3.0 3.0  
2303 195.81109 40.0 3.0 3.0  
2304 199.72732 40.0 3.0 3.0  
2305 203.64354 40.0 3.0 3.0  
2306 207.55976 40.0 3.0 3.0  
2307 211.47598 40.0 3.0 3.0  
2308 215.3922 40.0 3.0 3.0  
2309 219.30842 40.0 3.0 3.0  
2310 223.22465 40.0 3.0 3.0  
2311 227.14087 40.0 3.0 3.0  
2312 231.05709 40.0 3.0 3.0  
2313 234.97331 40.0 3.0 3.0  
2314 238.88953 40.0 3.0 3.0  
2315 242.80576 40.0 3.0 3.0  
2316 246.72198 40.0 3.0 3.0  
2317 250.6382 40.0 3.0 3.0  
2318 254.55442 40.0 3.0 3.0  
2319 258.47064 40.0 3.0 3.0  
2320 262.38687 40.0 3.0 3.0  
2321 266.30309 40.0 3.0 3.0  
2322 270.21931 40.0 3.0 3.0  
2323 274.13553 40.0 3.0 3.0  
2324 278.05175 40.0 3.0 3.0  
2325 281.96797 40.0 3.0 3.0  
2326 285.8842 40.0 3.0 3.0  
2327 289.80042 40.0 3.0 3.0  
2328 293.71664 40.0 3.0 3.0  
2329 297.63286 40.0 3.0 3.0  
2330 301.54908 40.0 3.0 3.0  
2331 305.46531 40.0 3.0 3.0  
2332 309.38153 40.0 3.0 3.0  
2333 313.29775 40.0 3.0 3.0  
2334 317.21397 40.0 3.0 3.0  
2335 321.13019 40.0 3.0 3.0  
2336 325.04642 40.0 3.0 3.0  
2337 328.96264 40.0 3.0 3.0  
2338 332.87886 40.0 3.0 3.0  
2339 336.79508 40.0 3.0 3.0  
2340 340.7113 40.0 3.0 3.0  
2341 344.62752 40.0 3.0 3.0  
2342 348.54375 40.0 3.0 3.0  
2343 352.45997 40.0 3.0 3.0  
2344 356.37619 40.0 3.0 3.0  
2345 4.10198 43.0 3.0 3.0  
2346 8.20396 43.0 3.0 3.0  
2347 12.30595 43.0 3.0 3.0  
2348 16.40793 43.0 3.0 3.0  
2349 20.50991 43.0 3.0 3.0  
2350 24.61189 43.0 3.0 3.0  
2351 28.71388 43.0 3.0 3.0  
2352 32.81586 43.0 3.0 3.0  
2353 36.91784 43.0 3.0 3.0  
2354 41.01982 43.0 3.0 3.0  
2355 45.12181 43.0 3.0 3.0  
2356 49.22379 43.0 3.0 3.0  
2357 53.32577 43.0 3.0 3.0  
2358 57.42775 43.0 3.0 3.0  
2359 61.52974 43.0 3.0 3.0  
2360 65.63172 43.0 3.0 3.0  
2361 69.7337 43.0 3.0 3.0  
2362 73.83568 43.0 3.0 3.0  
2363 77.93767 43.0 3.0 3.0  
2364 82.03965 43.0 3.0 3.0  
2365 86.14163 43.0 3.0 3.0  
2366 90.24361 43.0 3.0 3.0  
2367 94.34559 43.0 3.0 3.0  
2368 98.44758 43.0 3.0 3.0  
2369 102.54956 43.0 3.0 3.0  
2370 106.65154 43.0 3.0 3.0  
2371 110.75352 43.0 3.0 3.0  
2372 114.85551 43.0 3.0 3.0  
2373 118.95749 43.0 3.0 3.0  
2374 123.05947 43.0 3.0 3.0  
2375 127.16145 43.0 3.0 3.0  
2376 131.26344 43.0 3.0 3.0  
2377 135.36542 43.0 3.0 3.0  
2378 139.4674 43.0 3.0 3.0  
2379 143.56938 43.0 3.0 3.0  
2380 147.67137 43.0 3.0 3.0  
2381 151.77335 43.0 3.0 3.0  
2382 155.87533 43.0 3.0 3.0  
2383 159.97731 43.0 3.0 3.0  
2384 164.0793 43.0 3.0 3.0  
2385 168.18128 43.0 3.0 3.0  
2386 172.28326 43.0 3.0 3.0  
2387 176.38524 43.0 3.0 3.0  
2388 180.48722 43.0 3.0 3.0  
2389 184.58921 43.0 3.0 3.0  
2390 188.69119 43.0 3.0 3.0  
2391 192.79317 43.0 3.0 3.0  
2392 196.89515 43.0 3.0 3.0  
2393 200.99714 43.0 3.0 3.0  
2394 205.09912 43.0 3.0 3.0  
2395 209.2011 43.0 3.0 3.0  
2396 213.30308 43.0 3.0 3.0  
2397 217.40507 43.0 3.0 3.0  
2398 221.50705 43.0 3.0 3.0  
2399 225.60903 43.0 3.0 3.0  
2400 229.71101 43.0 3.0 3.0  
2401 233.813 43.0 3.0 3.0  
2402 237.91498 43.0 3.0 3.0  
2403 242.01696 43.0 3.0 3.0  
2404 246.11894 43.0 3.0 3.0  
2405 250.22093 43.0 3.0 3.0  
2406 254.32291 43.0 3.0 3.0  
2407 258.42489 43.0 3.0 3.0  
2408 262.52687 43.0 3.0 3.0  
2409 266.62885 43.0 3.0 3.0  
2410 270.73084 43.0 3.0 3.0  
2411 274.83282 43.0 3.0 3.0  
2412 278.9348 43.0 3.0 3.0  
2413 283.03678 43.0 3.0 3.0  
2414 287.13877 43.0 3.0 3.0  
2415 291.24075 43.0 3.0 3.0  
2416 295.34273 43.0 3.0 3.0  
2417 299.44471 43.0 3.0 3.0  
2418 303.5467 43.0 3.0 3.0  
2419 307.64868 43.0 3.0 3.0  
2420 311.75066 43.0 3.0 3.0  
2421 315.85264 43.0 3.0 3.0  
2422 319.95463 43.0 3.0 3.0  
2423 324.05661 43.0 3.0 3.0  
2424 328.15859 43.0 3.0 3.0  
2425 332.26057 43.0 3.0 3.0  
2426 336.36256 43.0 3.0 3.0  
2427 340.46454 43.0 3.0 3.0  
2428 344.56652 43.0 3.0 3.0  
2429 348.6685 43.0 3.0 3.0  
2430 352.77048 43.0 3.0 3.0  
2431 356.87247 43.0 3.0 3.0  
2432 4.31867 46.0 3.0 3.0  
2433 8.63734 46.0 3.0 3.0  
2434 12.95601 46.0 3.0 3.0  
2435 17.27468 46.0 3.0 3.0  
2436 21.59335 46.0 3.0 3.0  
2437 25.91202 46.0 3.0 3.0  
2438 30.23069 46.0 3.0 3.0  
2439 34.54936 46.0 3.0 3.0  
2440 38.86803 46.0 3.0 3.0  
2441 43.1867 46.0 3.0 3.0  
2442 47.50537 46.0 3.0 3.0  
2443 51.82404 46.0 3.0 3.0  
2444 56.14271 46.0 3.0 3.0  
2445 60.46137 46.0 3.0 3.0  
2446 64.78004 46.0 3.0 3.0  
2447 69.09871 46.0 3.0 3.0  
2448 73.41738 46.0 3.0 3.0  
2449 77.73605 46.0 3.0 3.0  
2450 82.05472 46.0 3.0 3.0  
2451 86.37339 46.0 3.0 3.0  
2452 90.69206 46.0 3.0 3.0  
2453 95.01073 46.0 3.0 3.0  
2454 99.3294 46.0 3.0 3.0  
2455 103.64807 46.0 3.0 3.0  
2456 107.96674 46.0 3.0 3.0  
2457 112.28541 46.0 3.0 3.0  
2458 116.60408 46.0 3.0 3.0  
2459 120.92275 46.0 3.0 3.0  
2460 125.24142 46.0 3.0 3.0  
2461 129.56009 46.0 3.0 3.0  
2462 133.87876 46.0 3.0 3.0  
2463 138.19743 46.0 3.0 3.0  
2464 142.5161 46.0 3.0 3.0  
2465 146.83477 46.0 3.0 3.0  
2466 151.15344 46.0 3.0 3.0  
2467 155.47211 46.0 3.0 3.0  
2468 159.79078 46.0 3.0 3.0  
2469 164.10945 46.0 3.0 3.0  
2470 168.42812 46.0 3.0 3.0  
2471 172.74678 46.0 3.0 3.0  
2472 177.06545 46.0 3.0 3.0  
2473 181.38412 46.0 3.0 3.0  
2474 185.70279 46.0 3.0 3.0  
2475 190.02146 46.0 3.0 3.0  
2476 194.34013 46.0 3.0 3.0  
2477 198.6588 46.0 3.0 3.0  
2478 202.97747 46.0 3.0 3.0  
2479 207.29614 46.0 3.0 3.0  
2480 211.61481 46.0 3.0 3.0  
2481 215.93348 46.0 3.0 3.0  
2482 220.25215 46.0 3.0 3.0  
2483 224.57082 46.0 3.0 3.0  
2484 228.88949 46.0 3.0 3.0  
2485 233.20816 46.0 3.0 3.0  
2486 237.52683 46.0 3.0 3.0  
2487 241.8455 46.0 3.0 3.0  
2488 246.16417 46.0 3.0 3.0  
2489 250.48284 46.0 3.0 3.0  
2490 254.80151 46.0 3.0 3.0  
2491 259.12018 46.0 3.0 3.0  
2492 263.43885 46.0 3.0 3.0  
2493 267.75752 46.0 3.0 3.0  
2494 272.07619 46.0 3.0 3.0  
2495 276.39486 46.0 3.0 3.0  
2496 280.71353 46.0 3.0 3.0  
2497 285.03219 46.0 3.0 3.0  
2498 289.35086 46.0 3.0 3.0  
2499 293.66953 46.0 3.0 3.0  
2500 297.9882 46.0 3.0 3.0  
2501 302.30687 46.0 3.0 3.0  
2502 306.62554 46.0 3.0 3.0  
2503 310.94421 46.0 3.0 3.0  
2504 315.26288 46.0 3.0 3.0  
2505 319.58155 46.0 3.0 3.0  
2506 323.90022 46.0 3.0 3.0  
2507 328.21889 46.0 3.0 3.0  
2508 332.53756 46.0 3.0 3.0  
2509 336.85623 46.0 3.0 3.0  
2510 341.1749 46.0 3.0 3.0  
2511 345.49357 46.0 3.0 3.0  
2512 349.81224 46.0 3.0 3.0  
2513 354.13091 46.0 3.0 3.0  
2514 358.44958 46.0 3.0 3.0  
2515 4.57276 49.0 3.0 3.0  
2516 9.14552 49.0 3.0 3.0  
2517 13.71828 49.0 3.0 3.0  
2518 18.29104 49.0 3.0 3.0  
2519 22.8638 49.0 3.0 3.0  
2520 27.43656 49.0 3.0 3.0  
2521 32.00931 49.0 3.0 3.0  
2522 36.58207 49.0 3.0 3.0  
2523 41.15483 49.0 3.0 3.0  
2524 45.72759 49.0 3.0 3.0  
2525 50.30035 49.0 3.0 3.0  
2526 54.87311 49.0 3.0 3.0  
2527 59.44587 49.0 3.0 3.0  
2528 64.01863 49.0 3.0 3.0  
2529 68.59139 49.0 3.0 3.0  
2530 73.16415 49.0 3.0 3.0  
2531 77.73691 49.0 3.0 3.0  
2532 82.30967 49.0 3.0 3.0  
2533 86.88243 49.0 3.0 3.0  
2534 91.45519 49.0 3.0 3.0  
2535 96.02794 49.0 3.0 3.0  
2536 100.6007 49.0 3.0 3.0  
2537 105.17346 49.0 3.0 3.0  
2538 109.74622 49.0 3.0 3.0  
2539 114.31898 49.0 3.0 3.0  
2540 118.89174 49.0 3.0 3.0  
2541 123.4645 49.0 3.0 3.0  
2542 128.03726 49.0 3.0 3.0  
2543 132.61002 49.0 3.0 3.0  
2544 137.18278 49.0 3.0 3.0  
2545 141.75554 49.0 3.0 3.0  
2546 146.3283 49.0 3.0 3.0  
2547 150.90106 49.0 3.0 3.0  
2548 155.47381 49.0 3.0 3.0  
2549 160.04657 49.0 3.0 3.0  
2550 164.61933 49.0 3.0 3.0  
2551 169.19209 49.0 3.0 3.0  
2552 173.76485 49.0 3.0 3.0  
2553 178.33761 49.0 3.0 3.0  
2554 182.91037 49.0 3.0 3.0  
2555 187.48313 49.0 3.0 3.0  
2556 192.05589 49.0 3.0 3.0  
2557 196.62865 49.0 3.0 3.0  
2558 201.20141 49.0 3.0 3.0  
2559 205.77417 49.0 3.0 3.0  
2560 210.34693 49.0 3.0 3.0  
2561 214.91969 49.0 3.0 3.0  
2562 219.49244 49.0 3.0 3.0  
2563 224.0652 49.0 3.0 3.0  
2564 228.63796 49.0 3.0 3.0  
2565 233.21072 49.0 3.0 3.0  
2566 237.78348 49.0 3.0 3.0  
2567 242.35624 49.0 3.0 3.0  
2568 246.929 49.0 3.0 3.0  
2569 251.50176 49.0 3.0 3.0  
2570 256.07452 49.0 3.0 3.0  
2571 260.64728 49.0 3.0 3.0  
2572 265.22004 49.0 3.0 3.0  
2573 269.7928 49.0 3.0 3.0  
2574 274.36556 49.0 3.0 3.0  
2575 278.93831 49.0 3.0 3.0  
2576 283.51107 49.0 3.0 3.0  
2577 288.08383 49.0 3.0 3.0  
2578 292.65659 49.0 3.0 3.0  
2579 297.22935 49.0 3.0 3.0  
2580 301.80211 49.0 3.0 3.0  
2581 306.37487 49.0 3.0 3.0  
2582 310.94763 49.0 3.0 3.0  
2583 315.52039 49.0 3.0 3.0  
2584 320.09315 49.0 3.0 3.0  
2585 324.66591 49.0 3.0 3.0  
2586 329.23867 49.0 3.0 3.0  
2587 333.81143 49.0 3.0 3.0  
2588 338.38419 49.0 3.0 3.0  
2589 342.95694 49.0 3.0 3.0  
2590 347.5297 49.0 3.0 3.0  
2591 352.10246 49.0 3.0 3.0  
2592 356.67522 49.0 3.0 3.0  
2593 4.87281 52.0 3.0 3.0  
2594 9.74562 52.0 3.0 3.0  
2595 14.61842 52.0 3.0 3.0  
2596 19.49123 52.0 3.0 3.0  
2597 24.36404 52.0 3.0 3.0  
2598 29.23685 52.0 3.0 3.0  
2599 34.10965 52.0 3.0 3.0  
2600 38.98246 52.0 3.0 3.0  
2601 43.85527 52.0 3.0 3.0  
2602 48.72808 52.0 3.0 3.0  
2603 53.60089 52.0 3.0 3.0  
2604 58.47369 52.0 3.0 3.0  
2605 63.3465 52.0 3.0 3.0  
2606 68.21931 52.0 3.0 3.0  
2607 73.09212 52.0 3.0 3.0  
2608 77.96492 52.0 3.0 3.0  
2609 82.83773 52.0 3.0 3.0  
2610 87.71054 52.0 3.0 3.0  
2611 92.58335 52.0 3.0 3.0  
2612 97.45615 52.0 3.0 3.0  
2613 102.32896 52.0 3.0 3.0  
2614 107.20177 52.0 3.0 3.0  
2615 112.07458 52.0 3.0 3.0  
2616 116.94739 52.0 3.0 3.0  
2617 121.82019 52.0 3.0 3.0  
2618 126.693 52.0 3.0 3.0  
2619 131.56581 52.0 3.0 3.0  
2620 136.43862 52.0 3.0 3.0  
2621 141.31142 52.0 3.0 3.0  
2622 146.18423 52.0 3.0 3.0  
2623 151.05704 52.0 3.0 3.0  
2624 155.92985 52.0 3.0 3.0  
2625 160.80266 52.0 3.0 3.0  
2626 165.67546 52.0 3.0 3.0  
2627 170.54827 52.0 3.0 3.0  
2628 175.42108 52.0 3.0 3.0  
2629 180.29389 52.0 3.0 3.0  
2630 185.16669 52.0 3.0 3.0  
2631 190.0395 52.0 3.0 3.0  
2632 194.91231 52.0 3.0 3.0  
2633 199.78512 52.0 3.0 3.0  
2634 204.65792 52.0 3.0 3.0  
2635 209.53073 52.0 3.0 3.0  
2636 214.40354 52.0 3.0 3.0  
2637 219.27635 52.0 3.0 3.0  
2638 224.14916 52.0 3.0 3.0  
2639 229.02196 52.0 3.0 3.0  
2640 233.89477 52.0 3.0 3.0  
2641 238.76758 52.0 3.0 3.0  
2642 243.64039 52.0 3.0 3.0  
2643 248.51319 52.0 3.0 3.0  
2644 253.386 52.0 3.0 3.0  
2645 258.25881 52.0 3.0 3.0  
2646 263.13162 52.0 3.0 3.0  
2647 268.00443 52.0 3.0 3.0  
2648 272.87723 52.0 3.0 3.0  
2649 277.75004 52.0 3.0 3.0  
2650 282.62285 52.0 3.0 3.0  
2651 287.49566 52.0 3.0 3.0  
2652 292.36846 52.0 3.0 3.0  
2653 297.24127 52.0 3.0 3.0  
2654 302.11408 52.0 3.0 3.0  
2655 306.98689 52.0 3.0 3.0  
2656 311.8597 52.0 3.0 3.0  
2657 316.7325 52.0 3.0 3.0  
2658 321.60531 52.0 3.0 3.0  
2659 326.47812 52.0 3.0 3.0  
2660 331.35093 52.0 3.0 3.0  
2661 336.22373 52.0 3.0 3.0  
2662 341.09654 52.0 3.0 3.0  
2663 345.96935 52.0 3.0 3.0  
2664 350.84216 52.0 3.0 3.0  
2665 355.71496 52.0 3.0 3.0  
2666 5.23034 55.0 3.0 3.0  
2667 10.46068 55.0 3.0 3.0  
2668 15.69102 55.0 3.0 3.0  
2669 20.92136 55.0 3.0 3.0  
2670 26.1517 55.0 3.0 3.0  
2671 31.38204 55.0 3.0 3.0  
2672 36.61238 55.0 3.0 3.0  
2673 41.84272 55.0 3.0 3.0  
2674 47.07306 55.0 3.0 3.0  
2675 52.3034 55.0 3.0 3.0  
2676 57.53374 55.0 3.0 3.0  
2677 62.76408 55.0 3.0 3.0  
2678 67.99443 55.0 3.0 3.0  
2679 73.22477 55.0 3.0 3.0  
2680 78.45511 55.0 3.0 3.0  
2681 83.68545 55.0 3.0 3.0  
2682 88.91579 55.0 3.0 3.0  
2683 94.14613 55.0 3.0 3.0  
2684 99.37647 55.0 3.0 3.0  
2685 104.60681 55.0 3.0 3.0  
2686 109.83715 55.0 3.0 3.0  
2687 115.06749 55.0 3.0 3.0  
2688 120.29783 55.0 3.0 3.0  
2689 125.52817 55.0 3.0 3.0  
2690 130.75851 55.0 3.0 3.0  
2691 135.98885 55.0 3.0 3.0  
2692 141.21919 55.0 3.0 3.0  
2693 146.44953 55.0 3.0 3.0  
2694 151.67987 55.0 3.0 3.0  
2695 156.91021 55.0 3.0 3.0  
2696 162.14055 55.0 3.0 3.0  
2697 167.37089 55.0 3.0 3.0  
2698 172.60123 55.0 3.0 3.0  
2699 177.83157 55.0 3.0 3.0  
2700 183.06191 55.0 3.0 3.0  
2701 188.29225 55.0 3.0 3.0  
2702 193.52259 55.0 3.0 3.0  
2703 198.75293 55.0 3.0 3.0  
2704 203.98328 55.0 3.0 3.0  
2705 209.21362 55.0 3.0 3.0  
2706 214.44396 55.0 3.0 3.0  
2707 219.6743 55.0 3.0 3.0  
2708 224.90464 55.0 3.0 3.0  
2709 230.13498 55.0 3.0 3.0  
2710 235.36532 55.0 3.0 3.0  
2711 240.59566 55.0 3.0 3.0  
2712 245.826 55.0 3.0 3.0  
2713 251.05634 55.0 3.0 3.0  
2714 256.28668 55.0 3.0 3.0  
2715 261.51702 55.0 3.0 3.0  
2716 266.74736 55.0 3.0 3.0  
2717 271.9777 55.0 3.0 3.0  
2718 277.20804 55.0 3.0 3.0  
2719 282.43838 55.0 3.0 3.0  
2720 287.66872 55.0 3.0 3.0  
2721 292.89906 55.0 3.0 3.0  
2722 298.1294 55.0 3.0 3.0  
2723 303.35974 55.0 3.0 3.0  
2724 308.59008 55.0 3.0 3.0  
2725 313.82042 55.0 3.0 3.0  
2726 319.05076 55.0 3.0 3.0  
2727 324.2811 55.0 3.0 3.0  
2728 329.51144 55.0 3.0 3.0  
2729 334.74178 55.0 3.0 3.0  
2730 339.97213 55.0 3.0 3.0  
2731 345.20247 55.0 3.0 3.0  
2732 350.43281 55.0 3.0 3.0  
2733 355.66315 55.0 3.0 3.0  
2734 5.66124 58.0 3.0 3.0  
2735 11.32248 58.0 3.0 3.0  
2736 16.98372 58.0 3.0 3.0  
2737 22.64496 58.0 3.0 3.0  
2738 28.3062 58.0 3.0 3.0  
2739 33.96744 58.0 3.0 3.0  
2740 39.62868 58.0 3.0 3.0  
2741 45.28992 58.0 3.0 3.0  
2742 50.95116 58.0 3.0 3.0  
2743 56.6124 58.0 3.0 3.0  
2744 62.27364 58.0 3.0 3.0  
2745 67.93488 58.0 3.0 3.0  
2746 73.59612 58.0 3.0 3.0  
2747 79.25736 58.0 3.0 3.0  
2748 84.9186 58.0 3.0 3.0  
2749 90.57984 58.0 3.0 3.0  
2750 96.24108 58.0 3.0 3.0  
2751 101.90232 58.0 3.0 3.0  
2752 107.56356 58.0 3.0 3.0  
2753 113.22479 58.0 3.0 3.0  
2754 118.88603 58.0 3.0 3.0  
2755 124.54727 58.0 3.0 3.0  
2756 130.20851 58.0 3.0 3.0  
2757 135.86975 58.0 3.0 3.0  
2758 141.53099 58.0 3.0 3.0  
2759 147.19223 58.0 3.0 3.0  
2760 152.85347 58.0 3.0 3.0  
2761 158.51471 58.0 3.0 3.0  
2762 164.17595 58.0 3.0 3.0  
2763 169.83719 58.0 3.0 3.0  
2764 175.49843 58.0 3.0 3.0  
2765 181.15967 58.0 3.0 3.0  
2766 186.82091 58.0 3.0 3.0  
2767 192.48215 58.0 3.0 3.0  
2768 198.14339 58.0 3.0 3.0  
2769 203.80463 58.0 3.0 3.0  
2770 209.46587 58.0 3.0 3.0  
2771 215.12711 58.0 3.0 3.0  
2772 220.78835 58.0 3.0 3.0  
2773 226.44959 58.0 3.0 3.0  
2774 232.11083 58.0 3.0 3.0  
2775 237.77207 58.0 3.0 3.0  
2776 243.43331 58.0 3.0 3.0  
2777 249.09455 58.0 3.0 3.0  
2778 254.75579 58.0 3.0 3.0  
2779 260.41703 58.0 3.0 3.0  
2780 266.07827 58.0 3.0 3.0  
2781 271.73951 58.0 3.0 3.0  
2782 277.40075 58.0 3.0 3.0  
2783 283.06199 58.0 3.0 3.0  
2784 288.72323 58.0 3.0 3.0  
2785 294.38447 58.0 3.0 3.0  
2786 300.04571 58.0 3.0 3.0  
2787 305.70695 58.0 3.0 3.0  
2788 311.36819 58.0 3.0 3.0  
2789 317.02943 58.0 3.0 3.0  
2790 322.69067 58.0 3.0 3.0  
2791 328.35191 58.0 3.0 3.0  
2792 334.01314 58.0 3.0 3.0  
2793 339.67438 58.0 3.0 3.0  
2794 345.33562 58.0 3.0 3.0  
2795 350.99686 58.0 3.0 3.0  
2796 356.6581 58.0 3.0 3.0  
2797 6.188 61.0 3.0 3.0  
2798 12.37599 61.0 3.0 3.0  
2799 18.56399 61.0 3.0 3.0  
2800 24.75198 61.0 3.0 3.0  
2801 30.93998 61.0 3.0 3.0  
2802 37.12798 61.0 3.0 3.0  
2803 43.31597 61.0 3.0 3.0  
2804 49.50397 61.0 3.0 3.0  
2805 55.69196 61.0 3.0 3.0  
2806 61.87996 61.0 3.0 3.0  
2807 68.06796 61.0 3.0 3.0  
2808 74.25595 61.0 3.0 3.0  
2809 80.44395 61.0 3.0 3.0  
2810 86.63194 61.0 3.0 3.0  
2811 92.81994 61.0 3.0 3.0  
2812 99.00794 61.0 3.0 3.0  
2813 105.19593 61.0 3.0 3.0  
2814 111.38393 61.0 3.0 3.0  
2815 117.57192 61.0 3.0 3.0  
2816 123.75992 61.0 3.0 3.0  
2817 129.94792 61.0 3.0 3.0  
2818 136.13591 61.0 3.0 3.0  
2819 142.32391 61.0 3.0 3.0  
2820 148.5119 61.0 3.0 3.0  
2821 154.6999 61.0 3.0 3.0  
2822 160.8879 61.0 3.0 3.0  
2823 167.07589 61.0 3.0 3.0  
2824 173.26389 61.0 3.0 3.0  
2825 179.45188 61.0 3.0 3.0  
2826 185.63988 61.0 3.0 3.0  
2827 191.82788 61.0 3.0 3.0  
2828 198.01587 61.0 3.0 3.0  
2829 204.20387 61.0 3.0 3.0  
2830 210.39186 61.0 3.0 3.0  
2831 216.57986 61.0 3.0 3.0  
2832 222.76786 61.0 3.0 3.0  
2833 228.95585 61.0 3.0 3.0  
2834 235.14385 61.0 3.0 3.0  
2835 241.33184 61.0 3.0 3.0  
2836 247.51984 61.0 3.0 3.0  
2837 253.70784 61.0 3.0 3.0  
2838 259.89583 61.0 3.0 3.0  
2839 266.08383 61.0 3.0 3.0  
2840 272.27182 61.0 3.0 3.0  
2841 278.45982 61.0 3.0 3.0  
2842 284.64782 61.0 3.0 3.0  
2843 290.83581 61.0 3.0 3.0  
2844 297.02381 61.0 3.0 3.0  
2845 303.2118 61.0 3.0 3.0  
2846 309.3998 61.0 3.0 3.0  
2847 315.5878 61.0 3.0 3.0  
2848 321.77579 61.0 3.0 3.0  
2849 327.96379 61.0 3.0 3.0  
2850 334.15179 61.0 3.0 3.0  
2851 340.33978 61.0 3.0 3.0  
2852 346.52778 61.0 3.0 3.0  
2853 352.71577 61.0 3.0 3.0  
2854 358.90377 61.0 3.0 3.0  
2855 6.84352 64.0 3.0 3.0  
2856 13.68703 64.0 3.0 3.0  
2857 20.53055 64.0 3.0 3.0  
2858 27.37406 64.0 3.0 3.0  
2859 34.21758 64.0 3.0 3.0  
2860 41.0611 64.0 3.0 3.0  
2861 47.90461 64.0 3.0 3.0  
2862 54.74813 64.0 3.0 3.0  
2863 61.59164 64.0 3.0 3.0  
2864 68.43516 64.0 3.0 3.0  
2865 75.27868 64.0 3.0 3.0  
2866 82.12219 64.0 3.0 3.0  
2867 88.96571 64.0 3.0 3.0  
2868 95.80923 64.0 3.0 3.0  
2869 102.65274 64.0 3.0 3.0  
2870 109.49626 64.0 3.0 3.0  
2871 116.33977 64.0 3.0 3.0  
2872 123.18329 64.0 3.0 3.0  
2873 130.02681 64.0 3.0 3.0  
2874 136.87032 64.0 3.0 3.0  
2875 143.71384 64.0 3.0 3.0  
2876 150.55735 64.0 3.0 3.0  
2877 157.40087 64.0 3.0 3.0  
2878 164.24439 64.0 3.0 3.0  
2879 171.0879 64.0 3.0 3.0  
2880 177.93142 64.0 3.0 3.0  
2881 184.77493 64.0 3.0 3.0  
2882 191.61845 64.0 3.0 3.0  
2883 198.46197 64.0 3.0 3.0  
2884 205.30548 64.0 3.0 3.0  
2885 212.149 64.0 3.0 3.0  
2886 218.99252 64.0 3.0 3.0  
2887 225.83603 64.0 3.0 3.0  
2888 232.67955 64.0 3.0 3.0  
2889 239.52306 64.0 3.0 3.0  
2890 246.36658 64.0 3.0 3.0  
2891 253.2101 64.0 3.0 3.0  
2892 260.05361 64.0 3.0 3.0  
2893 266.89713 64.0 3.0 3.0  
2894 273.74064 64.0 3.0 3.0  
2895 280.58416 64.0 3.0 3.0  
2896 287.42768 64.0 3.0 3.0  
2897 294.27119 64.0 3.0 3.0  
2898 301.11471 64.0 3.0 3.0  
2899 307.95822 64.0 3.0 3.0  
2900 314.80174 64.0 3.0 3.0  
2901 321.64526 64.0 3.0 3.0  
2902 328.48877 64.0 3.0 3.0  
2903 335.33229 64.0 3.0 3.0  
2904 342.1758 64.0 3.0 3.0  
2905 349.01932 64.0 3.0 3.0  
2906 355.86284 64.0 3.0 3.0  
2907 7.67791 67.0 3.0 3.0  
2908 15.35583 67.0 3.0 3.0  
2909 23.03374 67.0 3.0 3.0  
2910 30.71166 67.0 3.0 3.0  
2911 38.38957 67.0 3.0 3.0  
2912 46.06748 67.0 3.0 3.0  
2913 53.7454 67.0 3.0 3.0  
2914 61.42331 67.0 3.0 3.0  
2915 69.10123 67.0 3.0 3.0  
2916 76.77914 67.0 3.0 3.0  
2917 84.45705 67.0 3.0 3.0  
2918 92.13497 67.0 3.0 3.0  
2919 99.81288 67.0 3.0 3.0  
2920 107.4908 67.0 3.0 3.0  
2921 115.16871 67.0 3.0 3.0  
2922 122.84662 67.0 3.0 3.0  
2923 130.52454 67.0 3.0 3.0  
2924 138.20245 67.0 3.0 3.0  
2925 145.88037 67.0 3.0 3.0  
2926 153.55828 67.0 3.0 3.0  
2927 161.23619 67.0 3.0 3.0  
2928 168.91411 67.0 3.0 3.0  
2929 176.59202 67.0 3.0 3.0  
2930 184.26994 67.0 3.0 3.0  
2931 191.94785 67.0 3.0 3.0  
2932 199.62576 67.0 3.0 3.0  
2933 207.30368 67.0 3.0 3.0  
2934 214.98159 67.0 3.0 3.0  
2935 222.65951 67.0 3.0 3.0  
2936 230.33742 67.0 3.0 3.0  
2937 238.01533 67.0 3.0 3.0  
2938 245.69325 67.0 3.0 3.0  
2939 253.37116 67.0 3.0 3.0  
2940 261.04908 67.0 3.0 3.0  
2941 268.72699 67.0 3.0 3.0  
2942 276.4049 67.0 3.0 3.0  
2943 284.08282 67.0 3.0 3.0  
2944 291.76073 67.0 3.0 3.0  
2945 299.43865 67.0 3.0 3.0  
2946 307.11656 67.0 3.0 3.0  
2947 314.79447 67.0 3.0 3.0  
2948 322.47239 67.0 3.0 3.0  
2949 330.1503 67.0 3.0 3.0  
2950 337.82822 67.0 3.0 3.0  
2951 345.50613 67.0 3.0 3.0  
2952 353.18404 67.0 3.0 3.0  
2953 8.77141 70.0 3.0 3.0  
2954 17.54283 70.0 3.0 3.0  
2955 26.31424 70.0 3.0 3.0  
2956 35.08565 70.0 3.0 3.0  
2957 43.85707 70.0 3.0 3.0  
2958 52.62848 70.0 3.0 3.0  
2959 61.39989 70.0 3.0 3.0  
2960 70.17131 70.0 3.0 3.0  
2961 78.94272 70.0 3.0 3.0  
2962 87.71413 70.0 3.0 3.0  
2963 96.48555 70.0 3.0 3.0  
2964 105.25696 70.0 3.0 3.0  
2965 114.02837 70.0 3.0 3.0  
2966 122.79978 70.0 3.0 3.0  
2967 131.5712 70.0 3.0 3.0  
2968 140.34261 70.0 3.0 3.0  
2969 149.11402 70.0 3.0 3.0  
2970 157.88544 70.0 3.0 3.0  
2971 166.65685 70.0 3.0 3.0  
2972 175.42826 70.0 3.0 3.0  
2973 184.19968 70.0 3.0 3.0  
2974 192.97109 70.0 3.0 3.0  
2975 201.7425 70.0 3.0 3.0  
2976 210.51392 70.0 3.0 3.0  
2977 219.28533 70.0 3.0 3.0  
2978 228.05674 70.0 3.0 3.0  
2979 236.82816 70.0 3.0 3.0  
2980 245.59957 70.0 3.0 3.0  
2981 254.37098 70.0 3.0 3.0  
2982 263.1424 70.0 3.0 3.0  
2983 271.91381 70.0 3.0 3.0  
2984 280.68522 70.0 3.0 3.0  
2985 289.45664 70.0 3.0 3.0  
2986 298.22805 70.0 3.0 3.0  
2987 306.99946 70.0 3.0 3.0  
2988 315.77088 70.0 3.0 3.0  
2989 324.54229 70.0 3.0 3.0  
2990 333.3137 70.0 3.0 3.0  
2991 342.08511 70.0 3.0 3.0  
2992 350.85653 70.0 3.0 3.0  
2993 359.62794 70.0 3.0 3.0  
2994 10.26091 73.0 3.0 3.0  
2995 20.52182 73.0 3.0 3.0  
2996 30.78273 73.0 3.0 3.0  
2997 41.04364 73.0 3.0 3.0  
2998 51.30455 73.0 3.0 3.0  
2999 61.56547 73.0 3.0 3.0  
3000 71.82638 73.0 3.0 3.0  
3001 82.08729 73.0 3.0 3.0  
3002 92.3482 73.0 3.0 3.0  
3003 102.60911 73.0 3.0 3.0  
3004 112.87002 73.0 3.0 3.0  
3005 123.13093 73.0 3.0 3.0  
3006 133.39184 73.0 3.0 3.0  
3007 143.65275 73.0 3.0 3.0  
3008 153.91366 73.0 3.0 3.0  
3009 164.17457 73.0 3.0 3.0  
3010 174.43548 73.0 3.0 3.0  
3011 184.6964 73.0 3.0 3.0  
3012 194.95731 73.0 3.0 3.0  
3013 205.21822 73.0 3.0 3.0  
3014 215.47913 73.0 3.0 3.0  
3015 225.74004 73.0 3.0 3.0  
3016 236.00095 73.0 3.0 3.0  
3017 246.26186 73.0 3.0 3.0  
3018 256.52277 73.0 3.0 3.0  
3019 266.78368 73.0 3.0 3.0  
3020 277.04459 73.0 3.0 3.0  
3021 287.3055 73.0 3.0 3.0  
3022 297.56641 73.0 3.0 3.0  
3023 307.82733 73.0 3.0 3.0  
3024 318.08824 73.0 3.0 3.0  
3025 328.34915 73.0 3.0 3.0  
3026 338.61006 73.0 3.0 3.0  
3027 348.87097 73.0 3.0 3.0  
3028 359.13188 73.0 3.0 3.0  
3029 12.4007 76.0 3.0 3.0  
3030 24.80139 76.0 3.0 3.0  
3031 37.20209 76.0 3.0 3.0  
3032 49.60279 76.0 3.0 3.0  
3033 62.00348 76.0 3.0 3.0  
3034 74.40418 76.0 3.0 3.0  
3035 86.80488 76.0 3.0 3.0  
3036 99.20557 76.0 3.0 3.0  
3037 111.60627 76.0 3.0 3.0  
3038 124.00696 76.0 3.0 3.0  
3039 136.40766 76.0 3.0 3.0  
3040 148.80836 76.0 3.0 3.0  
3041 161.20905 76.0 3.0 3.0  
3042 173.60975 76.0 3.0 3.0  
3043 186.01045 76.0 3.0 3.0  
3044 198.41114 76.0 3.0 3.0  
3045 210.81184 76.0 3.0 3.0  
3046 223.21254 76.0 3.0 3.0  
3047 235.61323 76.0 3.0 3.0  
3048 248.01393 76.0 3.0 3.0  
3049 260.41463 76.0 3.0 3.0  
3050 272.81532 76.0 3.0 3.0  
3051 285.21602 76.0 3.0 3.0  
3052 297.61672 76.0 3.0 3.0  
3053 310.01741 76.0 3.0 3.0  
3054 322.41811 76.0 3.0 3.0  
3055 334.81881 76.0 3.0 3.0  
3056 347.2195 76.0 3.0 3.0  
3057 359.6202 76.0 3.0 3.0  
3058 15.72253 79.0 3.0 3.0  
3059 31.44506 79.0 3.0 3.0  
3060 47.16759 79.0 3.0 3.0  
3061 62.89012 79.0 3.0 3.0  
3062 78.61265 79.0 3.0 3.0  
3063 94.33518 79.0 3.0 3.0  
3064 110.0577 79.0 3.0 3.0  
3065 125.78023 79.0 3.0 3.0  
3066 141.50276 79.0 3.0 3.0  
3067 157.22529 79.0 3.0 3.0  
3068 172.94782 79.0 3.0 3.0  
3069 188.67035 79.0 3.0 3.0  
3070 204.39288 79.0 3.0 3.0  
3071 220.11541 79.0 3.0 3.0  
3072 235.83794 79.0 3.0 3.0  
3073 251.56047 79.0 3.0 3.0  
3074 267.283 79.0 3.0 3.0  
3075 283.00553 79.0 3.0 3.0  
3076 298.72805 79.0 3.0 3.0  
3077 314.45058 79.0 3.0 3.0  
3078 330.17311 79.0 3.0 3.0  
3079 345.89564 79.0 3.0 3.0  
3080 21.55589 82.0 3.0 3.0  
3081 43.11178 82.0 3.0 3.0  
3082 64.66767 82.0 3.0 3.0  
3083 86.22356 82.0 3.0 3.0  
3084 107.77945 82.0 3.0 3.0  
3085 129.33534 82.0 3.0 3.0  
3086 150.89123 82.0 3.0 3.0  
3087 172.44712 82.0 3.0 3.0  
3088 194.00301 82.0 3.0 3.0  
3089 215.5589 82.0 3.0 3.0  
3090 237.11479 82.0 3.0 3.0  
3091 258.67068 82.0 3.0 3.0  
3092 280.22656 82.0 3.0 3.0  
3093 301.78245 82.0 3.0 3.0  
3094 323.33834 82.0 3.0 3.0  
3095 344.89423 82.0 3.0 3.0  
3096 34.42114 85.0 3.0 3.0  
3097 68.84228 85.0 3.0 3.0  
3098 103.26342 85.0 3.0 3.0  
3099 137.68456 85.0 3.0 3.0  
3100 172.1057 85.0 3.0 3.0  
3101 206.52684 85.0 3.0 3.0  
3102 240.94798 85.0 3.0 3.0  
3103 275.36912 85.0 3.0 3.0  
3104 309.79026 85.0 3.0 3.0  
3105 344.2114 85.0 3.0 3.0  
3106 85.96113 88.0 3.0 3.0  
3107 171.92225 88.0 3.0 3.0  
3108 257.88338 88.0 3.0 3.0  
3109 343.8445 88.0 3.0 3.0  
